51 0000001100111111000000110011111000000011001111010000001100111100000000110011101100000011001110100000001100111001000000110011100000000011001101110000001100110110000000110011010100000011001101000000001100110011000000110011001000000011001100010000001100110000
50 0000001100101111000000110010111000000011001011010000001100101100000000110010101100000011001010100000001100101001000000110010100000000011001001110000001100100110000000110010010100000011001001000000001100100011000000110010001000000011001000010000001100100000
49 0000001100011111000000110001111000000011000111010000001100011100000000110001101100000011000110100000001100011001000000110001100000000011000101110000001100010110000000110001010100000011000101000000001100010011000000110001001000000011000100010000001100010000
48 0000001100001111000000110000111000000011000011010000001100001100000000110000101100000011000010100000001100001001000000110000100000000011000001110000001100000110000000110000010100000011000001000000001100000011000000110000001000000011000000010000001100000000
47 0000001011111111000000101111111000000010111111010000001011111100000000101111101100000010111110100000001011111001000000101111100000000010111101110000001011110110000000101111010100000010111101000000001011110011000000101111001000000010111100010000001011110000
46 0000001011101111000000101110111000000010111011010000001011101100000000101110101100000010111010100000001011101001000000101110100000000010111001110000001011100110000000101110010100000010111001000000001011100011000000101110001000000010111000010000001011100000
45 0000001011011111000000101101111000000010110111010000001011011100000000101101101100000010110110100000001011011001000000101101100000000010110101110000001011010110000000101101010100000010110101000000001011010011000000101101001000000010110100010000001011010000
44 0000001011001111000000101100111000000010110011010000001011001100000000101100101100000010110010100000001011001001000000101100100000000010110001110000001011000110000000101100010100000010110001000000001011000011000000101100001000000010110000010000001011000000
43 0000001010111111000000101011111000000010101111010000001010111100000000101011101100000010101110100000001010111001000000101011100000000010101101110000001010110110000000101011010100000010101101000000001010110011000000101011001000000010101100010000001010110000
42 0000001010101111000000101010111000000010101011010000001010101100000000101010101100000010101010100000001010101001000000101010100000000010101001110000001010100110000000101010010100000010101001000000001010100011000000101010001000000010101000010000001010100000
41 0000001010011111000000101001111000000010100111010000001010011100000000101001101100000010100110100000001010011001000000101001100000000010100101110000001010010110000000101001010100000010100101000000001010010011000000101001001000000010100100010000001010010000
40 0000001010001111000000101000111000000010100011010000001010001100000000101000101100000010100010100000001010001001000000101000100000000010100001110000001010000110000000101000010100000010100001000000001010000011000000101000001000000010100000010000001010000000
39 0000001001111111000000100111111000000010011111010000001001111100000000100111101100000010011110100000001001111001000000100111100000000010011101110000001001110110000000100111010100000010011101000000001001110011000000100111001000000010011100010000001001110000
38 0000001001101111000000100110111000000010011011010000001001101100000000100110101100000010011010100000001001101001000000100110100000000010011001110000001001100110000000100110010100000010011001000000001001100011000000100110001000000010011000010000001001100000
37 0000001001011111000000100101111000000010010111010000001001011100000000100101101100000010010110100000001001011001000000100101100000000010010101110000001001010110000000100101010100000010010101000000001001010011000000100101001000000010010100010000001001010000
36 0000001001001111000000100100111000000010010011010000001001001100000000100100101100000010010010100000001001001001000000100100100000000010010001110000001001000110000000100100010100000010010001000000001001000011000000100100001000000010010000010000001001000000
35 0000001000111111000000100011111000000010001111010000001000111100000000100011101100000010001110100000001000111001000000100011100000000010001101110000001000110110000000100011010100000010001101000000001000110011000000100011001000000010001100010000001000110000
34 0000001000101111000000100010111000000010001011010000001000101100000000100010101100000010001010100000001000101001000000100010100000000010001001110000001000100110000000100010010100000010001001000000001000100011000000100010001000000010001000010000001000100000
33 0000001000011111000000100001111000000010000111010000001000011100000000100001101100000010000110100000001000011001000000100001100000000010000101110000001000010110000000100001010100000010000101000000001000010011000000100001001000000010000100010000001000010000
32 0000001000001111000000100000111000000010000011010000001000001100000000100000101100000010000010100000001000001001000000100000100000000010000001110000001000000110000000100000010100000010000001000000001000000011000000100000001000000010000000010000001000000000
31 0000000111111111000000011111111000000001111111010000000111111100000000011111101100000001111110100000000111111001000000011111100000000001111101110000000111110110000000011111010100000001111101000000000111110011000000011111001000000001111100010000000111110000
30 0000000111101111000000011110111000000001111011010000000111101100000000011110101100000001111010100000000111101001000000011110100000000001111001110000000111100110000000011110010100000001111001000000000111100011000000011110001000000001111000010000000111100000
29 0000000111011111000000011101111000000001110111010000000111011100000000011101101100000001110110100000000111011001000000011101100000000001110101110000000111010110000000011101010100000001110101000000000111010011000000011101001000000001110100010000000111010000
12 0000000011001111000000001100111000000000110011010000000011001100000000001100101100000000110010100000000011001001000000001100100000000000110001110000000011000110000000001100010100000000110001000000000011000011000000001100001000000000110000010000000011000000
11 0000000010111111000000001011111000000000101111010000000010111100000000001011101100000000101110100000000010111001000000001011100000000000101101110000000010110110000000001011010100000000101101000000000010110011000000001011001000000000101100010000000010110000
10 0000000010101111000000001010111000000000101011010000000010101100000000001010101100000000101010100000000010101001000000001010100000000000101001110000000010100110000000001010010100000000101001000000000010100011000000001010001000000000101000010000000010100000
9 0000000010011111000000001001111000000000100111010000000010011100000000001001101100000000100110100000000010011001000000001001100000000000100101110000000010010110000000001001010100000000100101000000000010010011000000001001001000000000100100010000000010010000
8 0000000010001111000000001000111000000000100011010000000010001100000000001000101100000000100010100000000010001001000000001000100000000000100001110000000010000110000000001000010100000000100001000000000010000011000000001000001000000000100000010000000010000000
7 0000000001111111000000000111111000000000011111010000000001111100000000000111101100000000011110100000000001111001000000000111100000000000011101110000000001110110000000000111010100000000011101000000000001110011000000000111001000000000011100010000000001110000
6 0000000001101111000000000110111000000000011011010000000001101100000000000110101100000000011010100000000001101001000000000110100000000000011001110000000001100110000000000110010100000000011001000000000001100011000000000110001000000000011000010000000001100000
5 0000000001011111000000000101111000000000010111010000000001011100000000000101101100000000010110100000000001011001000000000101100000000000010101110000000001010110000000000101010100000000010101000000000001010011000000000101001000000000010100010000000001010000
4 0000000001001111000000000100111000000000010011010000000001001100000000000100101100000000010010100000000001001001000000000100100000000000010001110000000001000110000000000100010100000000010001000000000001000011000000000100001000000000010000010000000001000000
3 0000000000111111000000000011111000000000001111010000000000111100000000000011101100000000001110100000000000111001000000000011100000000000001101110000000000110110000000000011010100000000001101000000000000110011000000000011001000000000001100010000000000110000
2 0000000000101111000000000010111000000000001011010000000000101100000000000010101100000000001010100000000000101001000000000010100000000000001001110000000000100110000000000010010100000000001001000000000000100011000000000010001000000000001000010000000000100000
1 0000000000011111000000000001111000000000000111010000000000011100000000000001101100000000000110100000000000011001000000000001100000000000000101110000000000010110000000000001010100000000000101000000000000010011000000000001001000000000000100010000000000010000
0 0000000000001111000000000000111000000000000011010000000000001100000000000000101100000000000010100000000000001001000000000000100000000000000001110000000000000110000000000000010100000000000001000000000000000011000000000000001000000000000000010000000000000000
13 0000000011011111000000001101111000000000110111010000000011011100000000001101101100000000110110100000000011011001000000001101100000000000110101110000000011010110000000001101010100000000110101000000000011010011000000001101001000000000110100010000000011010000
14 0000000011101111000000001110111000000000111011010000000011101100000000001110101100000000111010100000000011101001000000001110100000000000111001110000000011100110000000001110010100000000111001000000000011100011000000001110001000000000111000010000000011100000
15 0000000011111111000000001111111000000000111111010000000011111100000000001111101100000000111110100000000011111001000000001111100000000000111101110000000011110110000000001111010100000000111101000000000011110011000000001111001000000000111100010000000011110000
16 0000000100001111000000010000111000000001000011010000000100001100000000010000101100000001000010100000000100001001000000010000100000000001000001110000000100000110000000010000010100000001000001000000000100000011000000010000001000000001000000010000000100000000
17 0000000100011111000000010001111000000001000111010000000100011100000000010001101100000001000110100000000100011001000000010001100000000001000101110000000100010110000000010001010100000001000101000000000100010011000000010001001000000001000100010000000100010000
18 0000000100101111000000010010111000000001001011010000000100101100000000010010101100000001001010100000000100101001000000010010100000000001001001110000000100100110000000010010010100000001001001000000000100100011000000010010001000000001001000010000000100100000
19 0000000100111111000000010011111000000001001111010000000100111100000000010011101100000001001110100000000100111001000000010011100000000001001101110000000100110110000000010011010100000001001101000000000100110011000000010011001000000001001100010000000100110000
20 0000000101001111000000010100111000000001010011010000000101001100000000010100101100000001010010100000000101001001000000010100100000000001010001110000000101000110000000010100010100000001010001000000000101000011000000010100001000000001010000010000000101000000
21 0000000101011111000000010101111000000001010111010000000101011100000000010101101100000001010110100000000101011001000000010101100000000001010101110000000101010110000000010101010100000001010101000000000101010011000000010101001000000001010100010000000101010000
22 0000000101101111000000010110111000000001011011010000000101101100000000010110101100000001011010100000000101101001000000010110100000000001011001110000000101100110000000010110010100000001011001000000000101100011000000010110001000000001011000010000000101100000
23 0000000101111111000000010111111000000001011111010000000101111100000000010111101100000001011110100000000101111001000000010111100000000001011101110000000101110110000000010111010100000001011101000000000101110011000000010111001000000001011100010000000101110000
24 0000000110001111000000011000111000000001100011010000000110001100000000011000101100000001100010100000000110001001000000011000100000000001100001110000000110000110000000011000010100000001100001000000000110000011000000011000001000000001100000010000000110000000
25 0000000110011111000000011001111000000001100111010000000110011100000000011001101100000001100110100000000110011001000000011001100000000001100101110000000110010110000000011001010100000001100101000000000110010011000000011001001000000001100100010000000110010000
26 0000000110101111000000011010111000000001101011010000000110101100000000011010101100000001101010100000000110101001000000011010100000000001101001110000000110100110000000011010010100000001101001000000000110100011000000011010001000000001101000010000000110100000
27 0000000110111111000000011011111000000001101111010000000110111100000000011011101100000001101110100000000110111001000000011011100000000001101101110000000110110110000000011011010100000001101101000000000110110011000000011011001000000001101100010000000110110000
28 0000000111001111000000011100111000000001110011010000000111001100000000011100101100000001110010100000000111001001000000011100100000000001110001110000000111000110000000011100010100000001110001000000000111000011000000011100001000000001110000010000000111000000
