207 0000000000000000000000000000000000000000000000000000000000000000000000000000000000000000000000000000000000000000000000000000000000000000000000000000000000000000000000000000000000000000000000000010110101110111001011010111010100101101011100110010110101110001
206 0010110101101111001011010110110100101101011010110010110101101001001011010110011100101101011001010010110101100011001011010110000100101101010111110010110101011101001011010101101100101101010110010010110101010111001011010101010100101101010100110010110101010001
205 0010110101001111001011010100110100101101010010110010110101001001001011010100011100101101010001010010110101000011001011010100000100101101001111110010110100111101001011010011101100101101001110010010110100110111001011010011010100101101001100110010110100110001
204 0010110100101111001011010010110100101101001010110010110100101001001011010010011100101101001001010010110100100011001011010010000100101101000111110010110100011101001011010001101100101101000110010010110100010111001011010001010100101101000100110010110100010001
203 0000000000000000000000000000000000000000000000000000000000000000000000000000000000000000000000000000000000000000000000000000000000000000000000000000000000000000000000000000000000000000000000000010110010010111001011001001010100101100100100110010110010010001
202 0010110010001111001011001000110100101100100010110010110010001001001011001000011100101100100001010010110010000011001011001000000100101100011111110010110001111101001011000111101100101100011110010010110001110111001011000111010100101100011100110010110001110001
201 0010110001101111001011000110110100101100011010110010110001101001001011000110011100101100011001010010110001100011001011000110000100101100010111110010110001011101001011000101101100101100010110010010110001010111001011000101010100101100010100110010110001010001
200 0010110001001111001011000100110100101100010010110010110001001001001011000100011100101100010001010010110001000011001011000100000100101100001111110010110000111101001011000011101100101100001110010010110000110111001011000011010100101100001100110010110000110001
199 0000000000000000000000000000000000000000000000000000000000000000000000000000000000000000000000000000000000000000000000000000000000000000000000000000000000000000000000000000000000000000000000000010101110110111001010111011010100101011101100110010101110110001
198 0010101110101111001010111010110100101011101010110010101110101001001010111010011100101011101001010010101110100011001010111010000100101011100111110010101110011101001010111001101100101011100110010010101110010111001010111001010100101011100100110010101110010001
197 0010101110001111001010111000110100101011100010110010101110001001001010111000011100101011100001010010101110000011001010111000000100101011011111110010101101111101001010110111101100101011011110010010101101110111001010110111010100101011011100110010101101110001
196 0010101101101111001010110110110100101011011010110010101101101001001010110110011100101011011001010010101101100011001010110110000100101011010111110010101101011101001010110101101100101011010110010010101101010111001010110101010100101011010100110010101101010001
195 0000000000000000000000000000000000000000000000000000000000000000000000000000000000000000000000000000000000000000000000000000000000000000000000000000000000000000000000000000000000000000000000000010101011010111001010101101010100101010110100110010101011010001
194 0010101011001111001010101100110100101010110010110010101011001001001010101100011100101010110001010010101011000011001010101100000100101010101111110010101010111101001010101011101100101010101110010010101010110111001010101011010100101010101100110010101010110001
193 0010101010101111001010101010110100101010101010110010101010101001001010101010011100101010101001010010101010100011001010101010000100101010100111110010101010011101001010101001101100101010100110010010101010010111001010101001010100101010100100110010101010010001
192 0010101010001111001010101000110100101010100010110010101010001001001010101000011100101010100001010010101010000011001010101000000100101010011111110010101001111101001010100111101100101010011110010010101001110111001010100111010100101010011100110010101001110001
191 0000000000000000000000000000000000000000000000000000000000000000000000000000000000000000000000000000000000000000000000000000000000000000000000000000000000000000000000000000000000000000000000000010100111110111001010011111010100101001111100110010100111110001
190 0010100111101111001010011110110100101001111010110010100111101001001010011110011100101001111001010010100111100011001010011110000100101001110111110010100111011101001010011101101100101001110110010010100111010111001010011101010100101001110100110010100111010001
189 0010100111001111001010011100110100101001110010110010100111001001001010011100011100101001110001010010100111000011001010011100000100101001101111110010100110111101001010011011101100101001101110010010100110110111001010011011010100101001101100110010100110110001
188 0010100110101111001010011010110100101001101010110010100110101001001010011010011100101001101001010010100110100011001010011010000100101001100111110010100110011101001010011001101100101001100110010010100110010111001010011001010100101001100100110010100110010001
187 0000000000000000000000000000000000000000000000000000000000000000000000000000000000000000000000000000000000000000000000000000000000000000000000000000000000000000000000000000000000000000000000000010100100010111001010010001010100101001000100110010100100010001
186 0010100100001111001010010000110100101001000010110010100100001001001010010000011100101001000001010010100100000011001010010000000100101000111111110010100011111101001010001111101100101000111110010010100011110111001010001111010100101000111100110010100011110001
185 0010100011101111001010001110110100101000111010110010100011101001001010001110011100101000111001010010100011100011001010001110000100101000110111110010100011011101001010001101101100101000110110010010100011010111001010001101010100101000110100110010100011010001
184 0010100011001111001010001100110100101000110010110010100011001001001010001100011100101000110001010010100011000011001010001100000100101000101111110010100010111101001010001011101100101000101110010010100010110111001010001011010100101000101100110010100010110001
183 0000000000000000000000000000000000000000000000000000000000000000000000000000000000000000000000000000000000000000000000000000000000000000000000000000000000000000000000000000000000000000000000000010100000110111001010000011010100101000001100110010100000110001
182 0010100000101111001010000010110100101000001010110010100000101001001010000010011100101000001001010010100000100011001010000010000100101000000111110010100000011101001010000001101100101000000110010010100000010111001010000001010100101000000100110010100000010001
181 0010100000001111001010000000110100101000000010110010100000001001001010000000011100101000000001010010100000000011001010000000000100100111111111110010011111111101001001111111101100100111111110010010011111110111001001111111010100100111111100110010011111110001
180 0010011111101111001001111110110100100111111010110010011111101001001001111110011100100111111001010010011111100011001001111110000100100111110111110010011111011101001001111101101100100111110110010010011111010111001001111101010100100111110100110010011111010001
179 0000000000000000000000000000000000000000000000000000000000000000000000000000000000000000000000000000000000000000000000000000000000000000000000000000000000000000000000000000000000000000000000000010011101010111001001110101010100100111010100110010011101010001
178 0010011101001111001001110100110100100111010010110010011101001001001001110100011100100111010001010010011101000011001001110100000100100111001111110010011100111101001001110011101100100111001110010010011100110111001001110011010100100111001100110010011100110001
177 0010011100101111001001110010110100100111001010110010011100101001001001110010011100100111001001010010011100100011001001110010000100100111000111110010011100011101001001110001101100100111000110010010011100010111001001110001010100100111000100110010011100010001
176 0010011100001111001001110000110100100111000010110010011100001001001001110000011100100111000001010010011100000011001001110000000100100110111111110010011011111101001001101111101100100110111110010010011011110111001001101111010100100110111100110010011011110001
175 0000000000000000000000000000000000000000000000000000000000000000000000000000000000000000000000000000000000000000000000000000000000000000000000000000000000000000000000000000000000000000000000000010011001110111001001100111010100100110011100110010011001110001
174 0010011001101111001001100110110100100110011010110010011001101001001001100110011100100110011001010010011001100011001001100110000100100110010111110010011001011101001001100101101100100110010110010010011001010111001001100101010100100110010100110010011001010001
173 0010011001001111001001100100110100100110010010110010011001001001001001100100011100100110010001010010011001000011001001100100000100100110001111110010011000111101001001100011101100100110001110010010011000110111001001100011010100100110001100110010011000110001
172 0010011000101111001001100010110100100110001010110010011000101001001001100010011100100110001001010010011000100011001001100010000100100110000111110010011000011101001001100001101100100110000110010010011000010111001001100001010100100110000100110010011000010001
171 0000000000000000000000000000000000000000000000000000000000000000000000000000000000000000000000000000000000000000000000000000000000000000000000000000000000000000000000000000000000000000000000000010010110010111001001011001010100100101100100110010010110010001
170 0010010110001111001001011000110100100101100010110010010110001001001001011000011100100101100001010010010110000011001001011000000100100101011111110010010101111101001001010111101100100101011110010010010101110111001001010111010100100101011100110010010101110001
169 0010010101101111001001010110110100100101011010110010010101101001001001010110011100100101011001010010010101100011001001010110000100100101010111110010010101011101001001010101101100100101010110010010010101010111001001010101010100100101010100110010010101010001
168 0010010101001111001001010100110100100101010010110010010101001001001001010100011100100101010001010010010101000011001001010100000100100101001111110010010100111101001001010011101100100101001110010010010100110111001001010011010100100101001100110010010100110001
167 0000000000000000000000000000000000000000000000000000000000000000000000000000000000000000000000000000000000000000000000000000000000000000000000000000000000000000000000000000000000000000000000000010010010110111001001001011010100100100101100110010010010110001
166 0010010010101111001001001010110100100100101010110010010010101001001001001010011100100100101001010010010010100011001001001010000100100100100111110010010010011101001001001001101100100100100110010010010010010111001001001001010100100100100100110010010010010001
165 0010010010001111001001001000110100100100100010110010010010001001001001001000011100100100100001010010010010000011001001001000000100100100011111110010010001111101001001000111101100100100011110010010010001110111001001000111010100100100011100110010010001110001
164 0010010001101111001001000110110100100100011010110010010001101001001001000110011100100100011001010010010001100011001001000110000100100100010111110010010001011101001001000101101100100100010110010010010001010111001001000101010100100100010100110010010001010001
163 0000000000000000000000000000000000000000000000000000000000000000000000000000000000000000000000000000000000000000000000000000000000000000000000000000000000000000000000000000000000000000000000000010001111010111001000111101010100100011110100110010001111010001
162 0010001111001111001000111100110100100011110010110010001111001001001000111100011100100011110001010010001111000011001000111100000100100011101111110010001110111101001000111011101100100011101110010010001110110111001000111011010100100011101100110010001110110001
161 0010001110101111001000111010110100100011101010110010001110101001001000111010011100100011101001010010001110100011001000111010000100100011100111110010001110011101001000111001101100100011100110010010001110010111001000111001010100100011100100110010001110010001
160 0010001110001111001000111000110100100011100010110010001110001001001000111000011100100011100001010010001110000011001000111000000100100011011111110010001101111101001000110111101100100011011110010010001101110111001000110111010100100011011100110010001101110001
159 0000000000000000000000000000000000000000000000000000000000000000000000000000000000000000000000000000000000000000000000000000000000000000000000000000000000000000000000000000000000000000000000000010001011110111001000101111010100100010111100110010001011110001
158 0010001011101111001000101110110100100010111010110010001011101001001000101110011100100010111001010010001011100011001000101110000100100010110111110010001011011101001000101101101100100010110110010010001011010111001000101101010100100010110100110010001011010001
157 0010001011001111001000101100110100100010110010110010001011001001001000101100011100100010110001010010001011000011001000101100000100100010101111110010001010111101001000101011101100100010101110010010001010110111001000101011010100100010101100110010001010110001
156 0010001010101111001000101010110100100010101010110010001010101001001000101010011100100010101001010010001010100011001000101010000100100010100111110010001010011101001000101001101100100010100110010010001010010111001000101001010100100010100100110010001010010001
155 0000000000000000000000000000000000000000000000000000000000000000000000000000000000000000000000000000000000000000000000000000000000000000000000000000000000000000000000000000000000000000000000000010001000010111001000100001010100100010000100110010001000010001
154 0010001000001111001000100000110100100010000010110010001000001001001000100000011100100010000001010010001000000011001000100000000100100001111111110010000111111101001000011111101100100001111110010010000111110111001000011111010100100001111100110010000111110001
153 0010000111101111001000011110110100100001111010110010000111101001001000011110011100100001111001010010000111100011001000011110000100100001110111110010000111011101001000011101101100100001110110010010000111010111001000011101010100100001110100110010000111010001
152 0010000111001111001000011100110100100001110010110010000111001001001000011100011100100001110001010010000111000011001000011100000100100001101111110010000110111101001000011011101100100001101110010010000110110111001000011011010100100001101100110010000110110001
151 0000000000000000000000000000000000000000000000000000000000000000000000000000000000000000000000000000000000000000000000000000000000000000000000000000000000000000000000000000000000000000000000000010000100110111001000010011010100100001001100110010000100110001
150 0010000100101111001000010010110100100001001010110010000100101001001000010010011100100001001001010010000100100011001000010010000100100001000111110010000100011101001000010001101100100001000110010010000100010111001000010001010100100001000100110010000100010001
149 0010000100001111001000010000110100100001000010110010000100001001001000010000011100100001000001010010000100000011001000010000000100100000111111110010000011111101001000001111101100100000111110010010000011110111001000001111010100100000111100110010000011110001
148 0010000011101111001000001110110100100000111010110010000011101001001000001110011100100000111001010010000011100011001000001110000100100000110111110010000011011101001000001101101100100000110110010010000011010111001000001101010100100000110100110010000011010001
147 0000000000000000000000000000000000000000000000000000000000000000000000000000000000000000000000000000000000000000000000000000000000000000000000000000000000000000000000000000000000000000000000000010000001010111001000000101010100100000010100110010000001010001
146 0010000001001111001000000100110100100000010010110010000001001001001000000100011100100000010001010010000001000011001000000100000100100000001111110010000000111101001000000011101100100000001110010010000000110111001000000011010100100000001100110010000000110001
145 0010000000101111001000000010110100100000001010110010000000101001001000000010011100100000001001010010000000100011001000000010000100100000000111110010000000011101001000000001101100100000000110010010000000010111001000000001010100100000000100110010000000010001
144 0010000000001111001000000000110100100000000010110010000000001001001000000000011100100000000001010010000000000011001000000000000100011111111111110001111111111101000111111111101100011111111110010001111111110111000111111111010100011111111100110001111111110001
143 0000000000000000000000000000000000000000000000000000000000000000000000000000000000000000000000000000000000000000000000000000000000000000000000000000000000000000000000000000000000000000000000000001111101110111000111110111010100011111011100110001111101110001
142 0001111101101111000111110110110100011111011010110001111101101001000111110110011100011111011001010001111101100011000111110110000100011111010111110001111101011101000111110101101100011111010110010001111101010111000111110101010100011111010100110001111101010001
141 0001111101001111000111110100110100011111010010110001111101001001000111110100011100011111010001010001111101000011000111110100000100011111001111110001111100111101000111110011101100011111001110010001111100110111000111110011010100011111001100110001111100110001
140 0001111100101111000111110010110100011111001010110001111100101001000111110010011100011111001001010001111100100011000111110010000100011111000111110001111100011101000111110001101100011111000110010001111100010111000111110001010100011111000100110001111100010001
139 0000000000000000000000000000000000000000000000000000000000000000000000000000000000000000000000000000000000000000000000000000000000000000000000000000000000000000000000000000000000000000000000000001111010010111000111101001010100011110100100110001111010010001
138 0001111010001111000111101000110100011110100010110001111010001001000111101000011100011110100001010001111010000011000111101000000100011110011111110001111001111101000111100111101100011110011110010001111001110111000111100111010100011110011100110001111001110001
137 0001111001101111000111100110110100011110011010110001111001101001000111100110011100011110011001010001111001100011000111100110000100011110010111110001111001011101000111100101101100011110010110010001111001010111000111100101010100011110010100110001111001010001
136 0001111001001111000111100100110100011110010010110001111001001001000111100100011100011110010001010001111001000011000111100100000100011110001111110001111000111101000111100011101100011110001110010001111000110111000111100011010100011110001100110001111000110001
135 0000000000000000000000000000000000000000000000000000000000000000000000000000000000000000000000000000000000000000000000000000000000000000000000000000000000000000000000000000000000000000000000000001110110110111000111011011010100011101101100110001110110110001
134 0001110110101111000111011010110100011101101010110001110110101001000111011010011100011101101001010001110110100011000111011010000100011101100111110001110110011101000111011001101100011101100110010001110110010111000111011001010100011101100100110001110110010001
133 0001110110001111000111011000110100011101100010110001110110001001000111011000011100011101100001010001110110000011000111011000000100011101011111110001110101111101000111010111101100011101011110010001110101110111000111010111010100011101011100110001110101110001
132 0001110101101111000111010110110100011101011010110001110101101001000111010110011100011101011001010001110101100011000111010110000100011101010111110001110101011101000111010101101100011101010110010001110101010111000111010101010100011101010100110001110101010001
131 0000000000000000000000000000000000000000000000000000000000000000000000000000000000000000000000000000000000000000000000000000000000000000000000000000000000000000000000000000000000000000000000000001110011010111000111001101010100011100110100110001110011010001
130 0001110011001111000111001100110100011100110010110001110011001001000111001100011100011100110001010001110011000011000111001100000100011100101111110001110010111101000111001011101100011100101110010001110010110111000111001011010100011100101100110001110010110001
129 0001110010101111000111001010110100011100101010110001110010101001000111001010011100011100101001010001110010100011000111001010000100011100100111110001110010011101000111001001101100011100100110010001110010010111000111001001010100011100100100110001110010010001
128 0001110010001111000111001000110100011100100010110001110010001001000111001000011100011100100001010001110010000011000111001000000100011100011111110001110001111101000111000111101100011100011110010001110001110111000111000111010100011100011100110001110001110001
127 0000000000000000000000000000000000000000000000000000000000000000000000000000000000000000000000000000000000000000000000000000000000000000000000000000000000000000000000000000000000000000000000000001101111110111000110111111010100011011111100110001101111110001
58 0000110100001111000011010000110100001101000010110000110100001001000011010000011100001101000001010000110100000011000011010000000100001100111111110000110011111101000011001111101100001100111110010000110011110111000011001111010100001100111100110000110011110001
57 0000110011101111000011001110110100001100111010110000110011101001000011001110011100001100111001010000110011100011000011001110000100001100110111110000110011011101000011001101101100001100110110010000110011010111000011001101010100001100110100110000110011010001
56 0000110011001111000011001100110100001100110010110000110011001001000011001100011100001100110001010000110011000011000011001100000100001100101111110000110010111101000011001011101100001100101110010000110010110111000011001011010100001100101100110000110010110001
55 0000000000000000000000000000000000000000000000000000000000000000000000000000000000000000000000000000000000000000000000000000000000000000000000000000000000000000000000000000000000000000000000000000110000110111000011000011010100001100001100110000110000110001
54 0000110000101111000011000010110100001100001010110000110000101001000011000010011100001100001001010000110000100011000011000010000100001100000111110000110000011101000011000001101100001100000110010000110000010111000011000001010100001100000100110000110000010001
53 0000110000001111000011000000110100001100000010110000110000001001000011000000011100001100000001010000110000000011000011000000000100001011111111110000101111111101000010111111101100001011111110010000101111110111000010111111010100001011111100110000101111110001
52 0000101111101111000010111110110100001011111010110000101111101001000010111110011100001011111001010000101111100011000010111110000100001011110111110000101111011101000010111101101100001011110110010000101111010111000010111101010100001011110100110000101111010001
51 0000000000000000000000000000000000000000000000000000000000000000000000000000000000000000000000000000000000000000000000000000000000000000000000000000000000000000000000000000000000000000000000000000101101010111000010110101010100001011010100110000101101010001
50 0000101101001111000010110100110100001011010010110000101101001001000010110100011100001011010001010000101101000011000010110100000100001011001111110000101100111101000010110011101100001011001110010000101100110111000010110011010100001011001100110000101100110001
49 0000101100101111000010110010110100001011001010110000101100101001000010110010011100001011001001010000101100100011000010110010000100001011000111110000101100011101000010110001101100001011000110010000101100010111000010110001010100001011000100110000101100010001
48 0000101100001111000010110000110100001011000010110000101100001001000010110000011100001011000001010000101100000011000010110000000100001010111111110000101011111101000010101111101100001010111110010000101011110111000010101111010100001010111100110000101011110001
47 0000000000000000000000000000000000000000000000000000000000000000000000000000000000000000000000000000000000000000000000000000000000000000000000000000000000000000000000000000000000000000000000000000101001110111000010100111010100001010011100110000101001110001
46 0000101001101111000010100110110100001010011010110000101001101001000010100110011100001010011001010000101001100011000010100110000100001010010111110000101001011101000010100101101100001010010110010000101001010111000010100101010100001010010100110000101001010001
45 0000101001001111000010100100110100001010010010110000101001001001000010100100011100001010010001010000101001000011000010100100000100001010001111110000101000111101000010100011101100001010001110010000101000110111000010100011010100001010001100110000101000110001
44 0000101000101111000010100010110100001010001010110000101000101001000010100010011100001010001001010000101000100011000010100010000100001010000111110000101000011101000010100001101100001010000110010000101000010111000010100001010100001010000100110000101000010001
43 0000000000000000000000000000000000000000000000000000000000000000000000000000000000000000000000000000000000000000000000000000000000000000000000000000000000000000000000000000000000000000000000000000100110010111000010011001010100001001100100110000100110010001
42 0000100110001111000010011000110100001001100010110000100110001001000010011000011100001001100001010000100110000011000010011000000100001001011111110000100101111101000010010111101100001001011110010000100101110111000010010111010100001001011100110000100101110001
41 0000100101101111000010010110110100001001011010110000100101101001000010010110011100001001011001010000100101100011000010010110000100001001010111110000100101011101000010010101101100001001010110010000100101010111000010010101010100001001010100110000100101010001
40 0000100101001111000010010100110100001001010010110000100101001001000010010100011100001001010001010000100101000011000010010100000100001001001111110000100100111101000010010011101100001001001110010000100100110111000010010011010100001001001100110000100100110001
39 0000000000000000000000000000000000000000000000000000000000000000000000000000000000000000000000000000000000000000000000000000000000000000000000000000000000000000000000000000000000000000000000000000100010110111000010001011010100001000101100110000100010110001
38 0000100010101111000010001010110100001000101010110000100010101001000010001010011100001000101001010000100010100011000010001010000100001000100111110000100010011101000010001001101100001000100110010000100010010111000010001001010100001000100100110000100010010001
37 0000100010001111000010001000110100001000100010110000100010001001000010001000011100001000100001010000100010000011000010001000000100001000011111110000100001111101000010000111101100001000011110010000100001110111000010000111010100001000011100110000100001110001
36 0000100001101111000010000110110100001000011010110000100001101001000010000110011100001000011001010000100001100011000010000110000100001000010111110000100001011101000010000101101100001000010110010000100001010111000010000101010100001000010100110000100001010001
35 0000000000000000000000000000000000000000000000000000000000000000000000000000000000000000000000000000000000000000000000000000000000000000000000000000000000000000000000000000000000000000000000000000011111010111000001111101010100000111110100110000011111010001
34 0000011111001111000001111100110100000111110010110000011111001001000001111100011100000111110001010000011111000011000001111100000100000111101111110000011110111101000001111011101100000111101110010000011110110111000001111011010100000111101100110000011110110001
33 0000011110101111000001111010110100000111101010110000011110101001000001111010011100000111101001010000011110100011000001111010000100000111100111110000011110011101000001111001101100000111100110010000011110010111000001111001010100000111100100110000011110010001
32 0000011110001111000001111000110100000111100010110000011110001001000001111000011100000111100001010000011110000011000001111000000100000111011111110000011101111101000001110111101100000111011110010000011101110111000001110111010100000111011100110000011101110001
31 0000000000000000000000000000000000000000000000000000000000000000000000000000000000000000000000000000000000000000000000000000000000000000000000000000000000000000000000000000000000000000000000000000011011110111000001101111010100000110111100110000011011110001
30 0000011011101111000001101110110100000110111010110000011011101001000001101110011100000110111001010000011011100011000001101110000100000110110111110000011011011101000001101101101100000110110110010000011011010111000001101101010100000110110100110000011011010001
29 0000011011001111000001101100110100000110110010110000011011001001000001101100011100000110110001010000011011000011000001101100000100000110101111110000011010111101000001101011101100000110101110010000011010110111000001101011010100000110101100110000011010110001
12 0000001100101111000000110010110100000011001010110000001100101001000000110010011100000011001001010000001100100011000000110010000100000011000111110000001100011101000000110001101100000011000110010000001100010111000000110001010100000011000100110000001100010001
11 0000000000000000000000000000000000000000000000000000000000000000000000000000000000000000000000000000000000000000000000000000000000000000000000000000000000000000000000000000000000000000000000000000001010010111000000101001010100000010100100110000001010010001
10 0000001010001111000000101000110100000010100010110000001010001001000000101000011100000010100001010000001010000011000000101000000100000010011111110000001001111101000000100111101100000010011110010000001001110111000000100111010100000010011100110000001001110001
9 0000001001101111000000100110110100000010011010110000001001101001000000100110011100000010011001010000001001100011000000100110000100000010010111110000001001011101000000100101101100000010010110010000001001010111000000100101010100000010010100110000001001010001
8 0000001001001111000000100100110100000010010010110000001001001001000000100100011100000010010001010000001001000011000000100100000100000010001111110000001000111101000000100011101100000010001110010000001000110111000000100011010100000010001100110000001000110001
7 0000000000000000000000000000000000000000000000000000000000000000000000000000000000000000000000000000000000000000000000000000000000000000000000000000000000000000000000000000000000000000000000000000000110110111000000011011010100000001101100110000000110110001
6 0000000110101111000000011010110100000001101010110000000110101001000000011010011100000001101001010000000110100011000000011010000100000001100111110000000110011101000000011001101100000001100110010000000110010111000000011001010100000001100100110000000110010001
5 0000000110001111000000011000110100000001100010110000000110001001000000011000011100000001100001010000000110000011000000011000000100000001011111110000000101111101000000010111101100000001011110010000000101110111000000010111010100000001011100110000000101110001
4 0000000101101111000000010110110100000001011010110000000101101001000000010110011100000001011001010000000101100011000000010110000100000001010111110000000101011101000000010101101100000001010110010000000101010111000000010101010100000001010100110000000101010001
3 0000000000000000000000000000000000000000000000000000000000000000000000000000000000000000000000000000000000000000000000000000000000000000000000000000000000000000000000000000000000000000000000000000000011010111000000001101010100000000110100110000000011010001
2 0000000011001111000000001100110100000000110010110000000011001001000000001100011100000000110001010000000011000011000000001100000100000000101111110000000010111101000000001011101100000000101110010000000010110111000000001011010100000000101100110000000010110001
1 0000000010101111000000001010110100000000101010110000000010101001000000001010011100000000101001010000000010100011000000001010000100000000100111110000000010011101000000001001101100000000100110010000000010010111000000001001010100000000100100110000000010010001
0 0000000010001111000000001000110100000000100010110000000010001001000000001000011100000000100001010000000010000011000000001000000100000000011111110000000001111101000000000111101100000000011110010000000001110111000000000111010100000000011100110000000001110001
13 0000001101001111000000110100110100000011010010110000001101001001000000110100011100000011010001010000001101000011000000110100000100000011001111110000001100111101000000110011101100000011001110010000001100110111000000110011010100000011001100110000001100110001
14 0000001101101111000000110110110100000011011010110000001101101001000000110110011100000011011001010000001101100011000000110110000100000011010111110000001101011101000000110101101100000011010110010000001101010111000000110101010100000011010100110000001101010001
15 0000000000000000000000000000000000000000000000000000000000000000000000000000000000000000000000000000000000000000000000000000000000000000000000000000000000000000000000000000000000000000000000000000001101110111000000110111010100000011011100110000001101110001
16 0000010000001111000001000000110100000100000010110000010000001001000001000000011100000100000001010000010000000011000001000000000100000011111111110000001111111101000000111111101100000011111110010000001111110111000000111111010100000011111100110000001111110001
17 0000010000101111000001000010110100000100001010110000010000101001000001000010011100000100001001010000010000100011000001000010000100000100000111110000010000011101000001000001101100000100000110010000010000010111000001000001010100000100000100110000010000010001
18 0000010001001111000001000100110100000100010010110000010001001001000001000100011100000100010001010000010001000011000001000100000100000100001111110000010000111101000001000011101100000100001110010000010000110111000001000011010100000100001100110000010000110001
19 0000000000000000000000000000000000000000000000000000000000000000000000000000000000000000000000000000000000000000000000000000000000000000000000000000000000000000000000000000000000000000000000000000010001010111000001000101010100000100010100110000010001010001
20 0000010011101111000001001110110100000100111010110000010011101001000001001110011100000100111001010000010011100011000001001110000100000100110111110000010011011101000001001101101100000100110110010000010011010111000001001101010100000100110100110000010011010001
21 0000010100001111000001010000110100000101000010110000010100001001000001010000011100000101000001010000010100000011000001010000000100000100111111110000010011111101000001001111101100000100111110010000010011110111000001001111010100000100111100110000010011110001
22 0000010100101111000001010010110100000101001010110000010100101001000001010010011100000101001001010000010100100011000001010010000100000101000111110000010100011101000001010001101100000101000110010000010100010111000001010001010100000101000100110000010100010001
23 0000000000000000000000000000000000000000000000000000000000000000000000000000000000000000000000000000000000000000000000000000000000000000000000000000000000000000000000000000000000000000000000000000010100110111000001010011010100000101001100110000010100110001
24 0000010111001111000001011100110100000101110010110000010111001001000001011100011100000101110001010000010111000011000001011100000100000101101111110000010110111101000001011011101100000101101110010000010110110111000001011011010100000101101100110000010110110001
25 0000010111101111000001011110110100000101111010110000010111101001000001011110011100000101111001010000010111100011000001011110000100000101110111110000010111011101000001011101101100000101110110010000010111010111000001011101010100000101110100110000010111010001
26 0000011000001111000001100000110100000110000010110000011000001001000001100000011100000110000001010000011000000011000001100000000100000101111111110000010111111101000001011111101100000101111110010000010111110111000001011111010100000101111100110000010111110001
27 0000000000000000000000000000000000000000000000000000000000000000000000000000000000000000000000000000000000000000000000000000000000000000000000000000000000000000000000000000000000000000000000000000011000010111000001100001010100000110000100110000011000010001
28 0000011010101111000001101010110100000110101010110000011010101001000001101010011100000110101001010000011010100011000001101010000100000110100111110000011010011101000001101001101100000110100110010000011010010111000001101001010100000110100100110000011010010001
59 0000000000000000000000000000000000000000000000000000000000000000000000000000000000000000000000000000000000000000000000000000000000000000000000000000000000000000000000000000000000000000000000000000110100010111000011010001010100001101000100110000110100010001
60 0000110110101111000011011010110100001101101010110000110110101001000011011010011100001101101001010000110110100011000011011010000100001101100111110000110110011101000011011001101100001101100110010000110110010111000011011001010100001101100100110000110110010001
61 0000110111001111000011011100110100001101110010110000110111001001000011011100011100001101110001010000110111000011000011011100000100001101101111110000110110111101000011011011101100001101101110010000110110110111000011011011010100001101101100110000110110110001
62 0000110111101111000011011110110100001101111010110000110111101001000011011110011100001101111001010000110111100011000011011110000100001101110111110000110111011101000011011101101100001101110110010000110111010111000011011101010100001101110100110000110111010001
63 0000000000000000000000000000000000000000000000000000000000000000000000000000000000000000000000000000000000000000000000000000000000000000000000000000000000000000000000000000000000000000000000000000110111110111000011011111010100001101111100110000110111110001
64 0000111010001111000011101000110100001110100010110000111010001001000011101000011100001110100001010000111010000011000011101000000100001110011111110000111001111101000011100111101100001110011110010000111001110111000011100111010100001110011100110000111001110001
65 0000111010101111000011101010110100001110101010110000111010101001000011101010011100001110101001010000111010100011000011101010000100001110100111110000111010011101000011101001101100001110100110010000111010010111000011101001010100001110100100110000111010010001
66 0000111011001111000011101100110100001110110010110000111011001001000011101100011100001110110001010000111011000011000011101100000100001110101111110000111010111101000011101011101100001110101110010000111010110111000011101011010100001110101100110000111010110001
67 0000000000000000000000000000000000000000000000000000000000000000000000000000000000000000000000000000000000000000000000000000000000000000000000000000000000000000000000000000000000000000000000000000111011010111000011101101010100001110110100110000111011010001
68 0000111101101111000011110110110100001111011010110000111101101001000011110110011100001111011001010000111101100011000011110110000100001111010111110000111101011101000011110101101100001111010110010000111101010111000011110101010100001111010100110000111101010001
69 0000111110001111000011111000110100001111100010110000111110001001000011111000011100001111100001010000111110000011000011111000000100001111011111110000111101111101000011110111101100001111011110010000111101110111000011110111010100001111011100110000111101110001
70 0000111110101111000011111010110100001111101010110000111110101001000011111010011100001111101001010000111110100011000011111010000100001111100111110000111110011101000011111001101100001111100110010000111110010111000011111001010100001111100100110000111110010001
71 0000000000000000000000000000000000000000000000000000000000000000000000000000000000000000000000000000000000000000000000000000000000000000000000000000000000000000000000000000000000000000000000000000111110110111000011111011010100001111101100110000111110110001
72 0001000001001111000100000100110100010000010010110001000001001001000100000100011100010000010001010001000001000011000100000100000100010000001111110001000000111101000100000011101100010000001110010001000000110111000100000011010100010000001100110001000000110001
73 0001000001101111000100000110110100010000011010110001000001101001000100000110011100010000011001010001000001100011000100000110000100010000010111110001000001011101000100000101101100010000010110010001000001010111000100000101010100010000010100110001000001010001
74 0001000010001111000100001000110100010000100010110001000010001001000100001000011100010000100001010001000010000011000100001000000100010000011111110001000001111101000100000111101100010000011110010001000001110111000100000111010100010000011100110001000001110001
75 0000000000000000000000000000000000000000000000000000000000000000000000000000000000000000000000000000000000000000000000000000000000000000000000000000000000000000000000000000000000000000000000000001000010010111000100001001010100010000100100110001000010010001
76 0001000100101111000100010010110100010001001010110001000100101001000100010010011100010001001001010001000100100011000100010010000100010001000111110001000100011101000100010001101100010001000110010001000100010111000100010001010100010001000100110001000100010001
77 0001000101001111000100010100110100010001010010110001000101001001000100010100011100010001010001010001000101000011000100010100000100010001001111110001000100111101000100010011101100010001001110010001000100110111000100010011010100010001001100110001000100110001
78 0001000101101111000100010110110100010001011010110001000101101001000100010110011100010001011001010001000101100011000100010110000100010001010111110001000101011101000100010101101100010001010110010001000101010111000100010101010100010001010100110001000101010001
79 0000000000000000000000000000000000000000000000000000000000000000000000000000000000000000000000000000000000000000000000000000000000000000000000000000000000000000000000000000000000000000000000000001000101110111000100010111010100010001011100110001000101110001
80 0001001000001111000100100000110100010010000010110001001000001001000100100000011100010010000001010001001000000011000100100000000100010001111111110001000111111101000100011111101100010001111110010001000111110111000100011111010100010001111100110001000111110001
81 0001001000101111000100100010110100010010001010110001001000101001000100100010011100010010001001010001001000100011000100100010000100010010000111110001001000011101000100100001101100010010000110010001001000010111000100100001010100010010000100110001001000010001
82 0001001001001111000100100100110100010010010010110001001001001001000100100100011100010010010001010001001001000011000100100100000100010010001111110001001000111101000100100011101100010010001110010001001000110111000100100011010100010010001100110001001000110001
83 0000000000000000000000000000000000000000000000000000000000000000000000000000000000000000000000000000000000000000000000000000000000000000000000000000000000000000000000000000000000000000000000000001001001010111000100100101010100010010010100110001001001010001
84 0001001011101111000100101110110100010010111010110001001011101001000100101110011100010010111001010001001011100011000100101110000100010010110111110001001011011101000100101101101100010010110110010001001011010111000100101101010100010010110100110001001011010001
85 0001001100001111000100110000110100010011000010110001001100001001000100110000011100010011000001010001001100000011000100110000000100010010111111110001001011111101000100101111101100010010111110010001001011110111000100101111010100010010111100110001001011110001
86 0001001100101111000100110010110100010011001010110001001100101001000100110010011100010011001001010001001100100011000100110010000100010011000111110001001100011101000100110001101100010011000110010001001100010111000100110001010100010011000100110001001100010001
87 0000000000000000000000000000000000000000000000000000000000000000000000000000000000000000000000000000000000000000000000000000000000000000000000000000000000000000000000000000000000000000000000000001001100110111000100110011010100010011001100110001001100110001
88 0001001111001111000100111100110100010011110010110001001111001001000100111100011100010011110001010001001111000011000100111100000100010011101111110001001110111101000100111011101100010011101110010001001110110111000100111011010100010011101100110001001110110001
89 0001001111101111000100111110110100010011111010110001001111101001000100111110011100010011111001010001001111100011000100111110000100010011110111110001001111011101000100111101101100010011110110010001001111010111000100111101010100010011110100110001001111010001
90 0001010000001111000101000000110100010100000010110001010000001001000101000000011100010100000001010001010000000011000101000000000100010011111111110001001111111101000100111111101100010011111110010001001111110111000100111111010100010011111100110001001111110001
91 0000000000000000000000000000000000000000000000000000000000000000000000000000000000000000000000000000000000000000000000000000000000000000000000000000000000000000000000000000000000000000000000000001010000010111000101000001010100010100000100110001010000010001
92 0001010010101111000101001010110100010100101010110001010010101001000101001010011100010100101001010001010010100011000101001010000100010100100111110001010010011101000101001001101100010100100110010001010010010111000101001001010100010100100100110001010010010001
93 0001010011001111000101001100110100010100110010110001010011001001000101001100011100010100110001010001010011000011000101001100000100010100101111110001010010111101000101001011101100010100101110010001010010110111000101001011010100010100101100110001010010110001
94 0001010011101111000101001110110100010100111010110001010011101001000101001110011100010100111001010001010011100011000101001110000100010100110111110001010011011101000101001101101100010100110110010001010011010111000101001101010100010100110100110001010011010001
95 0000000000000000000000000000000000000000000000000000000000000000000000000000000000000000000000000000000000000000000000000000000000000000000000000000000000000000000000000000000000000000000000000001010011110111000101001111010100010100111100110001010011110001
96 0001010110001111000101011000110100010101100010110001010110001001000101011000011100010101100001010001010110000011000101011000000100010101011111110001010101111101000101010111101100010101011110010001010101110111000101010111010100010101011100110001010101110001
97 0001010110101111000101011010110100010101101010110001010110101001000101011010011100010101101001010001010110100011000101011010000100010101100111110001010110011101000101011001101100010101100110010001010110010111000101011001010100010101100100110001010110010001
98 0001010111001111000101011100110100010101110010110001010111001001000101011100011100010101110001010001010111000011000101011100000100010101101111110001010110111101000101011011101100010101101110010001010110110111000101011011010100010101101100110001010110110001
99 0000000000000000000000000000000000000000000000000000000000000000000000000000000000000000000000000000000000000000000000000000000000000000000000000000000000000000000000000000000000000000000000000001010111010111000101011101010100010101110100110001010111010001
100 0001011001101111000101100110110100010110011010110001011001101001000101100110011100010110011001010001011001100011000101100110000100010110010111110001011001011101000101100101101100010110010110010001011001010111000101100101010100010110010100110001011001010001
101 0001011010001111000101101000110100010110100010110001011010001001000101101000011100010110100001010001011010000011000101101000000100010110011111110001011001111101000101100111101100010110011110010001011001110111000101100111010100010110011100110001011001110001
102 0001011010101111000101101010110100010110101010110001011010101001000101101010011100010110101001010001011010100011000101101010000100010110100111110001011010011101000101101001101100010110100110010001011010010111000101101001010100010110100100110001011010010001
103 0000000000000000000000000000000000000000000000000000000000000000000000000000000000000000000000000000000000000000000000000000000000000000000000000000000000000000000000000000000000000000000000000001011010110111000101101011010100010110101100110001011010110001
104 0001011101001111000101110100110100010111010010110001011101001001000101110100011100010111010001010001011101000011000101110100000100010111001111110001011100111101000101110011101100010111001110010001011100110111000101110011010100010111001100110001011100110001
105 0001011101101111000101110110110100010111011010110001011101101001000101110110011100010111011001010001011101100011000101110110000100010111010111110001011101011101000101110101101100010111010110010001011101010111000101110101010100010111010100110001011101010001
106 0001011110001111000101111000110100010111100010110001011110001001000101111000011100010111100001010001011110000011000101111000000100010111011111110001011101111101000101110111101100010111011110010001011101110111000101110111010100010111011100110001011101110001
107 0000000000000000000000000000000000000000000000000000000000000000000000000000000000000000000000000000000000000000000000000000000000000000000000000000000000000000000000000000000000000000000000000001011110010111000101111001010100010111100100110001011110010001
108 0001100000101111000110000010110100011000001010110001100000101001000110000010011100011000001001010001100000100011000110000010000100011000000111110001100000011101000110000001101100011000000110010001100000010111000110000001010100011000000100110001100000010001
109 0001100001001111000110000100110100011000010010110001100001001001000110000100011100011000010001010001100001000011000110000100000100011000001111110001100000111101000110000011101100011000001110010001100000110111000110000011010100011000001100110001100000110001
110 0001100001101111000110000110110100011000011010110001100001101001000110000110011100011000011001010001100001100011000110000110000100011000010111110001100001011101000110000101101100011000010110010001100001010111000110000101010100011000010100110001100001010001
111 0000000000000000000000000000000000000000000000000000000000000000000000000000000000000000000000000000000000000000000000000000000000000000000000000000000000000000000000000000000000000000000000000001100001110111000110000111010100011000011100110001100001110001
112 0001100100001111000110010000110100011001000010110001100100001001000110010000011100011001000001010001100100000011000110010000000100011000111111110001100011111101000110001111101100011000111110010001100011110111000110001111010100011000111100110001100011110001
113 0001100100101111000110010010110100011001001010110001100100101001000110010010011100011001001001010001100100100011000110010010000100011001000111110001100100011101000110010001101100011001000110010001100100010111000110010001010100011001000100110001100100010001
114 0001100101001111000110010100110100011001010010110001100101001001000110010100011100011001010001010001100101000011000110010100000100011001001111110001100100111101000110010011101100011001001110010001100100110111000110010011010100011001001100110001100100110001
115 0000000000000000000000000000000000000000000000000000000000000000000000000000000000000000000000000000000000000000000000000000000000000000000000000000000000000000000000000000000000000000000000000001100101010111000110010101010100011001010100110001100101010001
116 0001100111101111000110011110110100011001111010110001100111101001000110011110011100011001111001010001100111100011000110011110000100011001110111110001100111011101000110011101101100011001110110010001100111010111000110011101010100011001110100110001100111010001
117 0001101000001111000110100000110100011010000010110001101000001001000110100000011100011010000001010001101000000011000110100000000100011001111111110001100111111101000110011111101100011001111110010001100111110111000110011111010100011001111100110001100111110001
118 0001101000101111000110100010110100011010001010110001101000101001000110100010011100011010001001010001101000100011000110100010000100011010000111110001101000011101000110100001101100011010000110010001101000010111000110100001010100011010000100110001101000010001
119 0000000000000000000000000000000000000000000000000000000000000000000000000000000000000000000000000000000000000000000000000000000000000000000000000000000000000000000000000000000000000000000000000001101000110111000110100011010100011010001100110001101000110001
120 0001101011001111000110101100110100011010110010110001101011001001000110101100011100011010110001010001101011000011000110101100000100011010101111110001101010111101000110101011101100011010101110010001101010110111000110101011010100011010101100110001101010110001
121 0001101011101111000110101110110100011010111010110001101011101001000110101110011100011010111001010001101011100011000110101110000100011010110111110001101011011101000110101101101100011010110110010001101011010111000110101101010100011010110100110001101011010001
122 0001101100001111000110110000110100011011000010110001101100001001000110110000011100011011000001010001101100000011000110110000000100011010111111110001101011111101000110101111101100011010111110010001101011110111000110101111010100011010111100110001101011110001
123 0000000000000000000000000000000000000000000000000000000000000000000000000000000000000000000000000000000000000000000000000000000000000000000000000000000000000000000000000000000000000000000000000001101100010111000110110001010100011011000100110001101100010001
124 0001101110101111000110111010110100011011101010110001101110101001000110111010011100011011101001010001101110100011000110111010000100011011100111110001101110011101000110111001101100011011100110010001101110010111000110111001010100011011100100110001101110010001
125 0001101111001111000110111100110100011011110010110001101111001001000110111100011100011011110001010001101111000011000110111100000100011011101111110001101110111101000110111011101100011011101110010001101110110111000110111011010100011011101100110001101110110001
126 0001101111101111000110111110110100011011111010110001101111101001000110111110011100011011111001010001101111100011000110111110000100011011110111110001101111011101000110111101101100011011110110010001101111010111000110111101010100011011110100110001101111010001
