13 0000000000000000000000000000000000000000000000000000000000000000000000000000000000000000000000000000000000000000000000000000000000000000001001000000000000100100000000000010010000000000001001000000000000100100000000000010010000000000001001000000000000100100
0 0000000000100100000000000010010000000000001001000000000000100100000000000010010000000000001001000000000000100100000000000010010000000000001001000000000000100100000000000010010000000000001001000000000000100100000000000010010000000000001001000000000000100100
1 0000000000100100000000000010010000000000001001000000000000100100000000000010010000000000001001000000000000100100000000000010010000000000001001000000000000100100000000000010010000000000001001000000000000100100000000000010010000000000001001000000000000100100
2 0000000000100100000000000010010000000000001001000000000000100100000000000010010000000000001001000000000000100100000000000010010000000000001001000000000000100100000000000010010000000000001001000000000000100100000000000010010000000000001001000000000000100100
3 0000000000100100000000000010010000000000001001000000000000100100000000000010010000000000001001000000000000100100000000000010010000000000001001000000000000100100000000000010010000000000001001000000000000100100000000000010010000000000001001000000000000100100
4 0000000000100100000000000010010000000000001001000000000000100100000000000010010000000000001001000000000000100100000000000010010000000000001001000000000000100100000000000010010000000000001001000000000000100100000000000010010000000000001001000000000000100100
5 0000000000100100000000000010010000000000001001000000000000100100000000000010010000000000001001000000000000100100000000000010010000000000001001000000000000100100000000000010010000000000001001000000000000100100000000000010010000000000001001000000000000100100
6 0000000000000000000000000000000000000000000000000000000000000000000000000000000000000000000000000000000000000000000000000000000000000000001001000000000000100100000000000010010000000000001001000000000000100100000000000010010000000000001001000000000000100100
7 0000000000100100000000000010010000000000001001000000000000100100000000000010010000000000001001000000000000100100000000000010010000000000001001000000000000100100000000000010010000000000001001000000000000100100000000000010010000000000001001000000000000100100
8 0000000000100100000000000010010000000000001001000000000000100100000000000010010000000000001001000000000000100100000000000010010000000000001001000000000000100100000000000010010000000000001001000000000000100100000000000010010000000000001001000000000000100100
9 0000000000100100000000000010010000000000001001000000000000100100000000000010010000000000001001000000000000100100000000000010010000000000001001000000000000100100000000000010010000000000001001000000000000100100000000000010010000000000001001000000000000100100
10 0000000000100100000000000010010000000000001001000000000000100100000000000010010000000000001001000000000000100100000000000010010000000000001001000000000000100100000000000010010000000000001001000000000000100100000000000010010000000000001001000000000000100100
11 0000000000100100000000000010010000000000001001000000000000100100000000000010010000000000001001000000000000100100000000000010010000000000001001000000000000100100000000000010010000000000001001000000000000100100000000000010010000000000001001000000000000100100
12 0000000000100100000000000010010000000000001001000000000000100100000000000010010000000000001001000000000000100100000000000010010000000000001001000000000000100100000000000010010000000000001001000000000000100100000000000010010000000000001001000000000000100100
