51 0000000000000000000000000000000000000000000000000000000000000000000000000000000000000000000000000000110011110011000011001111000100001100111011110000110011101101000011001110101100001100111010010000110011100111000011001110010100001100111000110000110011100001
50 0000110011011111000011001101110100001100110110110000110011011001000011001101011100001100110101010000110011010011000011001101000100001100110011110000110011001101000011001100101100001100110010010000110011000111000011001100010100001100110000110000110011000001
49 0000000000000000000000000000000000000000000000000000000000000000000000000000000000000000000000000000110001110011000011000111000100001100011011110000110001101101000011000110101100001100011010010000110001100111000011000110010100001100011000110000110001100001
48 0000110001011111000011000101110100001100010110110000110001011001000011000101011100001100010101010000110001010011000011000101000100001100010011110000110001001101000011000100101100001100010010010000110001000111000011000100010100001100010000110000110001000001
47 0000000000000000000000000000000000000000000000000000000000000000000000000000000000000000000000000000101111110011000010111111000100001011111011110000101111101101000010111110101100001011111010010000101111100111000010111110010100001011111000110000101111100001
46 0000101111011111000010111101110100001011110110110000101111011001000010111101011100001011110101010000101111010011000010111101000100001011110011110000101111001101000010111100101100001011110010010000101111000111000010111100010100001011110000110000101111000001
45 0000000000000000000000000000000000000000000000000000000000000000000000000000000000000000000000000000101101110011000010110111000100001011011011110000101101101101000010110110101100001011011010010000101101100111000010110110010100001011011000110000101101100001
44 0000101101011111000010110101110100001011010110110000101101011001000010110101011100001011010101010000101101010011000010110101000100001011010011110000101101001101000010110100101100001011010010010000101101000111000010110100010100001011010000110000101101000001
43 0000000000000000000000000000000000000000000000000000000000000000000000000000000000000000000000000000101011110011000010101111000100001010111011110000101011101101000010101110101100001010111010010000101011100111000010101110010100001010111000110000101011100001
42 0000101011011111000010101101110100001010110110110000101011011001000010101101011100001010110101010000101011010011000010101101000100001010110011110000101011001101000010101100101100001010110010010000101011000111000010101100010100001010110000110000101011000001
41 0000000000000000000000000000000000000000000000000000000000000000000000000000000000000000000000000000101001110011000010100111000100001010011011110000101001101101000010100110101100001010011010010000101001100111000010100110010100001010011000110000101001100001
40 0000101001011111000010100101110100001010010110110000101001011001000010100101011100001010010101010000101001010011000010100101000100001010010011110000101001001101000010100100101100001010010010010000101001000111000010100100010100001010010000110000101001000001
39 0000000000000000000000000000000000000000000000000000000000000000000000000000000000000000000000000000100111110011000010011111000100001001111011110000100111101101000010011110101100001001111010010000100111100111000010011110010100001001111000110000100111100001
38 0000100111011111000010011101110100001001110110110000100111011001000010011101011100001001110101010000100111010011000010011101000100001001110011110000100111001101000010011100101100001001110010010000100111000111000010011100010100001001110000110000100111000001
37 0000000000000000000000000000000000000000000000000000000000000000000000000000000000000000000000000000100101110011000010010111000100001001011011110000100101101101000010010110101100001001011010010000100101100111000010010110010100001001011000110000100101100001
36 0000100101011111000010010101110100001001010110110000100101011001000010010101011100001001010101010000100101010011000010010101000100001001010011110000100101001101000010010100101100001001010010010000100101000111000010010100010100001001010000110000100101000001
35 0000000000000000000000000000000000000000000000000000000000000000000000000000000000000000000000000000100011110011000010001111000100001000111011110000100011101101000010001110101100001000111010010000100011100111000010001110010100001000111000110000100011100001
34 0000100011011111000010001101110100001000110110110000100011011001000010001101011100001000110101010000100011010011000010001101000100001000110011110000100011001101000010001100101100001000110010010000100011000111000010001100010100001000110000110000100011000001
33 0000000000000000000000000000000000000000000000000000000000000000000000000000000000000000000000000000100001110011000010000111000100001000011011110000100001101101000010000110101100001000011010010000100001100111000010000110010100001000011000110000100001100001
32 0000100001011111000010000101110100001000010110110000100001011001000010000101011100001000010101010000100001010011000010000101000100001000010011110000100001001101000010000100101100001000010010010000100001000111000010000100010100001000010000110000100001000001
31 0000000000000000000000000000000000000000000000000000000000000000000000000000000000000000000000000000011111110011000001111111000100000111111011110000011111101101000001111110101100000111111010010000011111100111000001111110010100000111111000110000011111100001
30 0000011111011111000001111101110100000111110110110000011111011001000001111101011100000111110101010000011111010011000001111101000100000111110011110000011111001101000001111100101100000111110010010000011111000111000001111100010100000111110000110000011111000001
29 0000000000000000000000000000000000000000000000000000000000000000000000000000000000000000000000000000011101110011000001110111000100000111011011110000011101101101000001110110101100000111011010010000011101100111000001110110010100000111011000110000011101100001
12 0000001101011111000000110101110100000011010110110000001101011001000000110101011100000011010101010000001101010011000000110101000100000011010011110000001101001101000000110100101100000011010010010000001101000111000000110100010100000011010000110000001101000001
11 0000000000000000000000000000000000000000000000000000000000000000000000000000000000000000000000000000001011110011000000101111000100000010111011110000001011101101000000101110101100000010111010010000001011100111000000101110010100000010111000110000001011100001
10 0000001011011111000000101101110100000010110110110000001011011001000000101101011100000010110101010000001011010011000000101101000100000010110011110000001011001101000000101100101100000010110010010000001011000111000000101100010100000010110000110000001011000001
9 0000000000000000000000000000000000000000000000000000000000000000000000000000000000000000000000000000001001110011000000100111000100000010011011110000001001101101000000100110101100000010011010010000001001100111000000100110010100000010011000110000001001100001
8 0000001001011111000000100101110100000010010110110000001001011001000000100101011100000010010101010000001001010011000000100101000100000010010011110000001001001101000000100100101100000010010010010000001001000111000000100100010100000010010000110000001001000001
7 0000000000000000000000000000000000000000000000000000000000000000000000000000000000000000000000000000000111110011000000011111000100000001111011110000000111101101000000011110101100000001111010010000000111100111000000011110010100000001111000110000000111100001
6 0000000111011111000000011101110100000001110110110000000111011001000000011101011100000001110101010000000111010011000000011101000100000001110011110000000111001101000000011100101100000001110010010000000111000111000000011100010100000001110000110000000111000001
5 0000000000000000000000000000000000000000000000000000000000000000000000000000000000000000000000000000000101110011000000010111000100000001011011110000000101101101000000010110101100000001011010010000000101100111000000010110010100000001011000110000000101100001
4 0000000101011111000000010101110100000001010110110000000101011001000000010101011100000001010101010000000101010011000000010101000100000001010011110000000101001101000000010100101100000001010010010000000101000111000000010100010100000001010000110000000101000001
3 0000000000000000000000000000000000000000000000000000000000000000000000000000000000000000000000000000000011110011000000001111000100000000111011110000000011101101000000001110101100000000111010010000000011100111000000001110010100000000111000110000000011100001
2 0000000011011111000000001101110100000000110110110000000011011001000000001101011100000000110101010000000011010011000000001101000100000000110011110000000011001101000000001100101100000000110010010000000011000111000000001100010100000000110000110000000011000001
1 0000000000000000000000000000000000000000000000000000000000000000000000000000000000000000000000000000000001110011000000000111000100000000011011110000000001101101000000000110101100000000011010010000000001100111000000000110010100000000011000110000000001100001
0 0000000001011111000000000101110100000000010110110000000001011001000000000101011100000000010101010000000001010011000000000101000100000000010011110000000001001101000000000100101100000000010010010000000001000111000000000100010100000000010000110000000001000001
13 0000000000000000000000000000000000000000000000000000000000000000000000000000000000000000000000000000001101110011000000110111000100000011011011110000001101101101000000110110101100000011011010010000001101100111000000110110010100000011011000110000001101100001
14 0000001111011111000000111101110100000011110110110000001111011001000000111101011100000011110101010000001111010011000000111101000100000011110011110000001111001101000000111100101100000011110010010000001111000111000000111100010100000011110000110000001111000001
15 0000000000000000000000000000000000000000000000000000000000000000000000000000000000000000000000000000001111110011000000111111000100000011111011110000001111101101000000111110101100000011111010010000001111100111000000111110010100000011111000110000001111100001
16 0000010001011111000001000101110100000100010110110000010001011001000001000101011100000100010101010000010001010011000001000101000100000100010011110000010001001101000001000100101100000100010010010000010001000111000001000100010100000100010000110000010001000001
17 0000000000000000000000000000000000000000000000000000000000000000000000000000000000000000000000000000010001110011000001000111000100000100011011110000010001101101000001000110101100000100011010010000010001100111000001000110010100000100011000110000010001100001
18 0000010011011111000001001101110100000100110110110000010011011001000001001101011100000100110101010000010011010011000001001101000100000100110011110000010011001101000001001100101100000100110010010000010011000111000001001100010100000100110000110000010011000001
19 0000000000000000000000000000000000000000000000000000000000000000000000000000000000000000000000000000010011110011000001001111000100000100111011110000010011101101000001001110101100000100111010010000010011100111000001001110010100000100111000110000010011100001
20 0000010101011111000001010101110100000101010110110000010101011001000001010101011100000101010101010000010101010011000001010101000100000101010011110000010101001101000001010100101100000101010010010000010101000111000001010100010100000101010000110000010101000001
21 0000000000000000000000000000000000000000000000000000000000000000000000000000000000000000000000000000010101110011000001010111000100000101011011110000010101101101000001010110101100000101011010010000010101100111000001010110010100000101011000110000010101100001
22 0000010111011111000001011101110100000101110110110000010111011001000001011101011100000101110101010000010111010011000001011101000100000101110011110000010111001101000001011100101100000101110010010000010111000111000001011100010100000101110000110000010111000001
23 0000000000000000000000000000000000000000000000000000000000000000000000000000000000000000000000000000010111110011000001011111000100000101111011110000010111101101000001011110101100000101111010010000010111100111000001011110010100000101111000110000010111100001
24 0000011001011111000001100101110100000110010110110000011001011001000001100101011100000110010101010000011001010011000001100101000100000110010011110000011001001101000001100100101100000110010010010000011001000111000001100100010100000110010000110000011001000001
25 0000000000000000000000000000000000000000000000000000000000000000000000000000000000000000000000000000011001110011000001100111000100000110011011110000011001101101000001100110101100000110011010010000011001100111000001100110010100000110011000110000011001100001
26 0000011011011111000001101101110100000110110110110000011011011001000001101101011100000110110101010000011011010011000001101101000100000110110011110000011011001101000001101100101100000110110010010000011011000111000001101100010100000110110000110000011011000001
27 0000000000000000000000000000000000000000000000000000000000000000000000000000000000000000000000000000011011110011000001101111000100000110111011110000011011101101000001101110101100000110111010010000011011100111000001101110010100000110111000110000011011100001
28 0000011101011111000001110101110100000111010110110000011101011001000001110101011100000111010101010000011101010011000001110101000100000111010011110000011101001101000001110100101100000111010010010000011101000111000001110100010100000111010000110000011101000001
