13 0000000000000000000000000000000000000000000000000000000000000000000000000000000000000000000000000000000000000000000000000000000000000011001111110000001100111101000000110011101100000011001110010000001100110111000000110011010100000011001100110000001100110001
0 0000000011101111000000001110110100000000111010110000000011101001000000001110011100000000111001010000000011100011000000001110000100000000110111110000000011011101000000001101101100000000110110010000000011010111000000001101010100000000110100110000000011010001
1 0000000100001111000000010000110100000001000010110000000100001001000000010000011100000001000001010000000100000011000000010000000100000000111111110000000011111101000000001111101100000000111110010000000011110111000000001111010100000000111100110000000011110001
2 0000000100101111000000010010110100000001001010110000000100101001000000010010011100000001001001010000000100100011000000010010000100000001000111110000000100011101000000010001101100000001000110010000000100010111000000010001010100000001000100110000000100010001
3 0000000101001111000000010100110100000001010010110000000101001001000000010100011100000001010001010000000101000011000000010100000100000001001111110000000100111101000000010011101100000001001110010000000100110111000000010011010100000001001100110000000100110001
4 0000000101101111000000010110110100000001011010110000000101101001000000010110011100000001011001010000000101100011000000010110000100000001010111110000000101011101000000010101101100000001010110010000000101010111000000010101010100000001010100110000000101010001
5 0000000110001111000000011000110100000001100010110000000110001001000000011000011100000001100001010000000110000011000000011000000100000001011111110000000101111101000000010111101100000001011110010000000101110111000000010111010100000001011100110000000101110001
6 0000000000000000000000000000000000000000000000000000000000000000000000000000000000000000000000000000000000000000000000000000000000000001100111110000000110011101000000011001101100000001100110010000000110010111000000011001010100000001100100110000000110010001
7 0000001010001111000000101000110100000010100010110000001010001001000000101000011100000010100001010000001010000011000000101000000100000010011111110000001001111101000000100111101100000010011110010000001001110111000000100111010100000010011100110000001001110001
8 0000001010101111000000101010110100000010101010110000001010101001000000101010011100000010101001010000001010100011000000101010000100000010100111110000001010011101000000101001101100000010100110010000001010010111000000101001010100000010100100110000001010010001
9 0000001011001111000000101100110100000010110010110000001011001001000000101100011100000010110001010000001011000011000000101100000100000010101111110000001010111101000000101011101100000010101110010000001010110111000000101011010100000010101100110000001010110001
10 0000001011101111000000101110110100000010111010110000001011101001000000101110011100000010111001010000001011100011000000101110000100000010110111110000001011011101000000101101101100000010110110010000001011010111000000101101010100000010110100110000001011010001
11 0000001100001111000000110000110100000011000010110000001100001001000000110000011100000011000001010000001100000011000000110000000100000010111111110000001011111101000000101111101100000010111110010000001011110111000000101111010100000010111100110000001011110001
12 0000001100101111000000110010110100000011001010110000001100101001000000110010011100000011001001010000001100100011000000110010000100000011000111110000001100011101000000110001101100000011000110010000001100010111000000110001010100000011000100110000001100010001
