12 0000000011001111000000001100111000000000110011010000000011001100000000001100101100000000110010100000000011001001000000001100100000000000110001110000000011000110000000001100010100000000110001000000000011000011000000001100001000000000110000010000000011000000
11 0000000010111111000000001011111000000000101111010000000010111100000000001011101100000000101110100000000010111001000000001011100000000000101101110000000010110110000000001011010100000000101101000000000010110011000000001011001000000000101100010000000010110000
10 0000000010101111000000001010111000000000101011010000000010101100000000001010101100000000101010100000000010101001000000001010100000000000101001110000000010100110000000001010010100000000101001000000000010100011000000001010001000000000101000010000000010100000
9 0000000010011111000000001001111000000000100111010000000010011100000000001001101100000000100110100000000010011001000000001001100000000000100101110000000010010110000000001001010100000000100101000000000010010011000000001001001000000000100100010000000010010000
8 0000000010001111000000001000111000000000100011010000000010001100000000001000101100000000100010100000000010001001000000001000100000000000100001110000000010000110000000001000010100000000100001000000000010000011000000001000001000000000100000010000000010000000
7 0000000001111111000000000111111000000000011111010000000001111100000000000111101100000000011110100000000001111001000000000111100000000000011101110000000001110110000000000111010100000000011101000000000001110011000000000111001000000000011100010000000001110000
6 0000000001101111000000000110111000000000011011010000000001101100000000000110101100000000011010100000000001101001000000000110100000000000011001110000000001100110000000000110010100000000011001000000000001100011000000000110001000000000011000010000000001100000
5 0000000001011111000000000101111000000000010111010000000001011100000000000101101100000000010110100000000001011001000000000101100000000000010101110000000001010110000000000101010100000000010101000000000001010011000000000101001000000000010100010000000001010000
4 0000000001001111000000000100111000000000010011010000000001001100000000000100101100000000010010100000000001001001000000000100100000000000010001110000000001000110000000000100010100000000010001000000000001000011000000000100001000000000010000010000000001000000
3 0000000000111111000000000011111000000000001111010000000000111100000000000011101100000000001110100000000000111001000000000011100000000000001101110000000000110110000000000011010100000000001101000000000000110011000000000011001000000000001100010000000000110000
2 0000000000101111000000000010111000000000001011010000000000101100000000000010101100000000001010100000000000101001000000000010100000000000001001110000000000100110000000000010010100000000001001000000000000100011000000000010001000000000001000010000000000100000
1 0000000000011111000000000001111000000000000111010000000000011100000000000001101100000000000110100000000000011001000000000001100000000000000101110000000000010110000000000001010100000000000101000000000000010011000000000001001000000000000100010000000000010000
0 0000000000001111000000000000111000000000000011010000000000001100000000000000101100000000000010100000000000001001000000000000100000000000000001110000000000000110000000000000010100000000000001000000000000000011000000000000001000000000000000010000000000000000
