0 0000000000000000000000000000000000000000000000000000000001000100000000000100000100000000010111000000000001110100000000000101110100000000001111110000000000111001000000000011000000000000001101110000000000110010000000000101000100000000011010100000000001100100
1 0000000000000000000000000000000000000000000000000000000001001100000000000100101100000000011001010000000001111000000000000111011000000000010101110000000000110101000000000010011100000000010000100000000001001010000000000101101000000000010100100000000001010011
2 0000000000000000000000000000000000000000000000000000000001011001000000000100001100000000001111000000000001001010000000000100101000000000010100010000000001001000000000000011100100000000001111000000000001011000000000000110000100000000010110000000000001000111
3 0000000000000000000000000000000000000000000000000000000001000101000000000011011100000000001100000000000000111010000000000011000100000000001111010000000001001100000000000100101100000000010011110000000001010110000000000110011100000000011010000000000001001011
4 0000000000000000000000000000000000000000000000000000000000111011000000000010001100000000001001010000000000111011000000000100001000000000010010100000000001010000000000000100100100000000001110100000000000101111000000000100110000000000010111000000000001101110
5 0000000000000000000000000000000000000000000000000000000001010000000000000011000000000000001001100000000000011000000000000010101100000000010001000000000001011000000000000100100100000000010001100000000000101011000000000101000000000000010010110000000001100100
6 0000000000000000000000000000000000000000000000000000000001010001000000000011110000000000001111110000000000101000000000000100010000000000010001100000000001100011000000000100011100000000001111110000000000110000000000000100110000000000001011110000000001001011
7 0000000000000000000000000000000000000000000000000000000001000010000000000100110000000000010010110000000001000110000000000011110100000000010010110000000001001100000000000101100000000000010011010000000001011011000000000110110100000000010111000000000001100111
8 0000000000000000000000000000000000000000000000000000000001010001000000000101010100000000010110100000000001000010000000000001100100000000001101110000000000111010000000000100100000000000001100100000000001001110000000000111000000000000011000000000000001100011
9 0000000000000000000000000000000000000000000000000000000000110100000000000011010000000000010011000000000001010011000000000100001000000000010110000000000001001111000000000011110000000000001010000000000000110001000000000101001000000000010001110000000001100111
10 0000000000000000000000000000000000000000000000000000000001000011000000000010101000000000001101100000000000111010000000000100100100000000010101010000000001010001000000000011011000000000001111110000000001000100000000000101011100000000010001100000000001010010
11 0000000000000000000000000000000000000000000000000000000001010110000000000100011000000000001010100000000000011101000000000011110000000000010101100000000001011011000000000100110100000000010100010000000000111111000000000011110000000000001010110000000000110010
12 0000000000000000000000000000000000000000000000000000000001000101000000000100110100000000010010010000000000100011000000000010100100000000001110100000000000111011000000000011011100000000001110100000000000111001000000000100010000000000010101100000000001000100
