15 0000000000000000000000000000000100000000000000000000000000000100000000000000001000000000000000010000000000000001000000000000000100000000000000010000000000000001000000000000000100000000000000010000000000000011000000000000001100000000000001000000000000000000
14 0000000000000100000000000000000100000000000001000000000000000011000000000000000000000000000000000000000000000010000000000000001100000000000000100000000000000011000000000000001100000000000000010000000000000000000000000000001000000000000000000000000000000001
13 0000000000000100000000000000001100000000000000010000000000000011000000000000000000000000000000000000000000000011000000000000001100000000000000000000000000000011000000000000000100000000000000110000000000000100000000000000000100000000000000010000000000000100
0 0000000000001111000000000000111000000000000011010000000000001100000000000000101100000000000010100000000000001001000000000000100000000000000001110000000000000110000000000000010100000000000001000000000000000011000000000000001000000000000000010000000000000000
1 0000000000000010000000000000010000000000000001000000000000000001000000000000010000000000000000110000000000000000000000000000000000000000000000000000000000000000000000000000010000000000000000010000000000000011000000000000010000000000000000000000000000000100
2 0000000000000000000000000000010000000000000000100000000000000100000000000000001000000000000000100000000000000011000000000000001000000000000000110000000000000011000000000000000000000000000000000000000000000011000000000000001100000000000000100000000000000000
3 0000000000000000000000000000001000000000000000000000000000000000000000000000010000000000000001000000000000000011000000000000000100000000000000000000000000000011000000000000000000000000000000100000000000000011000000000000001100000000000000110000000000000100
4 0000000000000011000000000000001100000000000000100000000000000011000000000000001100000000000000110000000000000100000000000000010000000000000000000000000000000000000000000000001100000000000000110000000000000010000000000000001100000000000000000000000000000010
5 0000000000000000000000000000010000000000000000110000000000000000000000000000001000000000000000010000000000000000000000000000001000000000000001000000000000000001000000000000000100000000000000110000000000000100000000000000000100000000000000110000000000000010
6 0000000000000011000000000000001000000000000000010000000000000001000000000000001000000000000000010000000000000010000000000000000100000000000000010000000000000100000000000000001000000000000000100000000000000011000000000000010000000000000000100000000000000000
7 0000000000000001000000000000001100000000000000010000000000000000000000000000000100000000000000100000000000000010000000000000001100000000000000110000000000000001000000000000000100000000000000010000000000000000000000000000010000000000000000110000000000000100
8 0000000000000011000000000000001100000000000000100000000000000011000000000000000000000000000000000000000000000000000000000000001000000000000000110000000000000011000000000000000000000000000001000000000000000000000000000000010000000000000000100000000000000000
9 0000000000000100000000000000001000000000000000100000000000000010000000000000000100000000000001000000000000000000000000000000010000000000000000110000000000000001000000000000000100000000000000110000000000000000000000000000001100000000000000000000000000000010
10 0000000000000001000000000000000100000000000000100000000000000010000000000000001100000000000000010000000000000011000000000000000000000000000001000000000000000001000000000000001100000000000001000000000000000011000000000000010000000000000001000000000000000010
11 0000000000000011000000000000010000000000000000000000000000000100000000000000010000000000000000000000000000000000000000000000000000000000000001000000000000000000000000000000000000000000000000110000000000000010000000000000010000000000000000010000000000000010
12 0000000000000100000000000000001000000000000000000000000000000000000000000000001100000000000000100000000000000011000000000000010000000000000000110000000000000001000000000000000000000000000000110000000000000000000000000000001000000000000000110000000000000100
