12 0000000000000000000000000000000000000000000000000000000000000000000000000000000000000000000000000000000000000000000000000000000000000000000000000000000000000000000000000000000000000000000000000000000000000000000000000000000000000000000000000000000000000000
11 0000000000000000000000000000000000000000000000000000000000000000000000001100110000000000110010110000000011001010000000001100100100000000110010000000000011000111000000001100011000000000110001010000000011000100000000001100001100000000110000100000000011000001
10 0000000000000000000000000000000000000000000000000000000000000000000000001011110000000000101110110000000010111010000000001011100100000000101110000000000010110111000000001011011000000000101101010000000010110100000000001011001100000000101100100000000010110001
9 0000000000000000000000000000000000000000000000000000000000000000000000001010110000000000101010110000000010101010000000001010100100000000101010000000000010100111000000001010011000000000101001010000000010100100000000001010001100000000101000100000000010100001
8 0000000000000000000000000000000000000000000000000000000000000000000000001001110000000000100110110000000010011010000000001001100100000000100110000000000010010111000000001001011000000000100101010000000010010100000000001001001100000000100100100000000010010001
7 0000000000000000000000000000000000000000000000000000000000000000000000001000110000000000100010110000000010001010000000001000100100000000100010000000000010000111000000001000011000000000100001010000000010000100000000001000001100000000100000100000000010000001
6 0000000000000000000000000000000000000000000000000000000000000000000000000111110000000000011110110000000001111010000000000111100100000000011110000000000001110111000000000111011000000000011101010000000001110100000000000111001100000000011100100000000001110001
5 0000000000000000000000000000000000000000000000000000000000000000000000000110110000000000011010110000000001101010000000000110100100000000011010000000000001100111000000000110011000000000011001010000000001100100000000000110001100000000011000100000000001100001
4 0000000000000000000000000000000000000000000000000000000000000000000000000101110000000000010110110000000001011010000000000101100100000000010110000000000001010111000000000101011000000000010101010000000001010100000000000101001100000000010100100000000001010001
3 0000000000000000000000000000000000000000000000000000000000000000000000000100110000000000010010110000000001001010000000000100100100000000010010000000000001000111000000000100011000000000010001010000000001000100000000000100001100000000010000100000000001000001
2 0000000000000000000000000000000000000000000000000000000000000000000000000011110000000000001110110000000000111010000000000011100100000000001110000000000000110111000000000011011000000000001101010000000000110100000000000011001100000000001100100000000000110001
1 0000000000000000000000000000000000000000000000000000000000000000000000000010110000000000001010110000000000101010000000000010100100000000001010000000000000100111000000000010011000000000001001010000000000100100000000000010001100000000001000100000000000100001
0 0000000000000000000000000000000000000000000000000000000000000000000000000001110000000000000110110000000000011010000000000001100100000000000110000000000000010111000000000001011000000000000101010000000000010100000000000001001100000000000100100000000000010001
