207 0000110011111111000011001111111000001100111111010000110011111100000011001111101100001100111110100000110011111001000011001111100000001100111101110000110011110110000011001111010100001100111101000000110011110011000011001111001000001100111100010000110011110000
206 0000110011101111000011001110111000001100111011010000110011101100000011001110101100001100111010100000110011101001000011001110100000001100111001110000110011100110000011001110010100001100111001000000110011100011000011001110001000001100111000010000110011100000
205 0000110011011111000011001101111000001100110111010000110011011100000011001101101100001100110110100000110011011001000011001101100000001100110101110000110011010110000011001101010100001100110101000000110011010011000011001101001000001100110100010000110011010000
204 0000110011001111000011001100111000001100110011010000110011001100000011001100101100001100110010100000110011001001000011001100100000001100110001110000110011000110000011001100010100001100110001000000110011000011000011001100001000001100110000010000110011000000
203 0000110010111111000011001011111000001100101111010000110010111100000011001011101100001100101110100000110010111001000011001011100000001100101101110000110010110110000011001011010100001100101101000000110010110011000011001011001000001100101100010000110010110000
202 0000110010101111000011001010111000001100101011010000110010101100000011001010101100001100101010100000110010101001000011001010100000001100101001110000110010100110000011001010010100001100101001000000110010100011000011001010001000001100101000010000110010100000
201 0000110010011111000011001001111000001100100111010000110010011100000011001001101100001100100110100000110010011001000011001001100000001100100101110000110010010110000011001001010100001100100101000000110010010011000011001001001000001100100100010000110010010000
200 0000110010001111000011001000111000001100100011010000110010001100000011001000101100001100100010100000110010001001000011001000100000001100100001110000110010000110000011001000010100001100100001000000110010000011000011001000001000001100100000010000110010000000
199 0000110001111111000011000111111000001100011111010000110001111100000011000111101100001100011110100000110001111001000011000111100000001100011101110000110001110110000011000111010100001100011101000000110001110011000011000111001000001100011100010000110001110000
198 0000110001101111000011000110111000001100011011010000110001101100000011000110101100001100011010100000110001101001000011000110100000001100011001110000110001100110000011000110010100001100011001000000110001100011000011000110001000001100011000010000110001100000
197 0000110001011111000011000101111000001100010111010000110001011100000011000101101100001100010110100000110001011001000011000101100000001100010101110000110001010110000011000101010100001100010101000000110001010011000011000101001000001100010100010000110001010000
196 0000110001001111000011000100111000001100010011010000110001001100000011000100101100001100010010100000110001001001000011000100100000001100010001110000110001000110000011000100010100001100010001000000110001000011000011000100001000001100010000010000110001000000
195 0000110000111111000011000011111000001100001111010000110000111100000011000011101100001100001110100000110000111001000011000011100000001100001101110000110000110110000011000011010100001100001101000000110000110011000011000011001000001100001100010000110000110000
194 0000110000101111000011000010111000001100001011010000110000101100000011000010101100001100001010100000110000101001000011000010100000001100001001110000110000100110000011000010010100001100001001000000110000100011000011000010001000001100001000010000110000100000
193 0000110000011111000011000001111000001100000111010000110000011100000011000001101100001100000110100000110000011001000011000001100000001100000101110000110000010110000011000001010100001100000101000000110000010011000011000001001000001100000100010000110000010000
192 0000110000001111000011000000111000001100000011010000110000001100000011000000101100001100000010100000110000001001000011000000100000001100000001110000110000000110000011000000010100001100000001000000110000000011000011000000001000001100000000010000110000000000
191 0000101111111111000010111111111000001011111111010000101111111100000010111111101100001011111110100000101111111001000010111111100000001011111101110000101111110110000010111111010100001011111101000000101111110011000010111111001000001011111100010000101111110000
190 0000101111101111000010111110111000001011111011010000101111101100000010111110101100001011111010100000101111101001000010111110100000001011111001110000101111100110000010111110010100001011111001000000101111100011000010111110001000001011111000010000101111100000
189 0000101111011111000010111101111000001011110111010000101111011100000010111101101100001011110110100000101111011001000010111101100000001011110101110000101111010110000010111101010100001011110101000000101111010011000010111101001000001011110100010000101111010000
188 0000101111001111000010111100111000001011110011010000101111001100000010111100101100001011110010100000101111001001000010111100100000001011110001110000101111000110000010111100010100001011110001000000101111000011000010111100001000001011110000010000101111000000
187 0000101110111111000010111011111000001011101111010000101110111100000010111011101100001011101110100000101110111001000010111011100000001011101101110000101110110110000010111011010100001011101101000000101110110011000010111011001000001011101100010000101110110000
186 0000101110101111000010111010111000001011101011010000101110101100000010111010101100001011101010100000101110101001000010111010100000001011101001110000101110100110000010111010010100001011101001000000101110100011000010111010001000001011101000010000101110100000
185 0000101110011111000010111001111000001011100111010000101110011100000010111001101100001011100110100000101110011001000010111001100000001011100101110000101110010110000010111001010100001011100101000000101110010011000010111001001000001011100100010000101110010000
184 0000101110001111000010111000111000001011100011010000101110001100000010111000101100001011100010100000101110001001000010111000100000001011100001110000101110000110000010111000010100001011100001000000101110000011000010111000001000001011100000010000101110000000
183 0000101101111111000010110111111000001011011111010000101101111100000010110111101100001011011110100000101101111001000010110111100000001011011101110000101101110110000010110111010100001011011101000000101101110011000010110111001000001011011100010000101101110000
182 0000101101101111000010110110111000001011011011010000101101101100000010110110101100001011011010100000101101101001000010110110100000001011011001110000101101100110000010110110010100001011011001000000101101100011000010110110001000001011011000010000101101100000
181 0000101101011111000010110101111000001011010111010000101101011100000010110101101100001011010110100000101101011001000010110101100000001011010101110000101101010110000010110101010100001011010101000000101101010011000010110101001000001011010100010000101101010000
180 0000101101001111000010110100111000001011010011010000101101001100000010110100101100001011010010100000101101001001000010110100100000001011010001110000101101000110000010110100010100001011010001000000101101000011000010110100001000001011010000010000101101000000
179 0000101100111111000010110011111000001011001111010000101100111100000010110011101100001011001110100000101100111001000010110011100000001011001101110000101100110110000010110011010100001011001101000000101100110011000010110011001000001011001100010000101100110000
178 0000101100101111000010110010111000001011001011010000101100101100000010110010101100001011001010100000101100101001000010110010100000001011001001110000101100100110000010110010010100001011001001000000101100100011000010110010001000001011001000010000101100100000
177 0000101100011111000010110001111000001011000111010000101100011100000010110001101100001011000110100000101100011001000010110001100000001011000101110000101100010110000010110001010100001011000101000000101100010011000010110001001000001011000100010000101100010000
176 0000101100001111000010110000111000001011000011010000101100001100000010110000101100001011000010100000101100001001000010110000100000001011000001110000101100000110000010110000010100001011000001000000101100000011000010110000001000001011000000010000101100000000
175 0000101011111111000010101111111000001010111111010000101011111100000010101111101100001010111110100000101011111001000010101111100000001010111101110000101011110110000010101111010100001010111101000000101011110011000010101111001000001010111100010000101011110000
174 0000101011101111000010101110111000001010111011010000101011101100000010101110101100001010111010100000101011101001000010101110100000001010111001110000101011100110000010101110010100001010111001000000101011100011000010101110001000001010111000010000101011100000
173 0000101011011111000010101101111000001010110111010000101011011100000010101101101100001010110110100000101011011001000010101101100000001010110101110000101011010110000010101101010100001010110101000000101011010011000010101101001000001010110100010000101011010000
172 0000101011001111000010101100111000001010110011010000101011001100000010101100101100001010110010100000101011001001000010101100100000001010110001110000101011000110000010101100010100001010110001000000101011000011000010101100001000001010110000010000101011000000
171 0000101010111111000010101011111000001010101111010000101010111100000010101011101100001010101110100000101010111001000010101011100000001010101101110000101010110110000010101011010100001010101101000000101010110011000010101011001000001010101100010000101010110000
170 0000101010101111000010101010111000001010101011010000101010101100000010101010101100001010101010100000101010101001000010101010100000001010101001110000101010100110000010101010010100001010101001000000101010100011000010101010001000001010101000010000101010100000
169 0000101010011111000010101001111000001010100111010000101010011100000010101001101100001010100110100000101010011001000010101001100000001010100101110000101010010110000010101001010100001010100101000000101010010011000010101001001000001010100100010000101010010000
168 0000101010001111000010101000111000001010100011010000101010001100000010101000101100001010100010100000101010001001000010101000100000001010100001110000101010000110000010101000010100001010100001000000101010000011000010101000001000001010100000010000101010000000
167 0000101001111111000010100111111000001010011111010000101001111100000010100111101100001010011110100000101001111001000010100111100000001010011101110000101001110110000010100111010100001010011101000000101001110011000010100111001000001010011100010000101001110000
166 0000101001101111000010100110111000001010011011010000101001101100000010100110101100001010011010100000101001101001000010100110100000001010011001110000101001100110000010100110010100001010011001000000101001100011000010100110001000001010011000010000101001100000
165 0000101001011111000010100101111000001010010111010000101001011100000010100101101100001010010110100000101001011001000010100101100000001010010101110000101001010110000010100101010100001010010101000000101001010011000010100101001000001010010100010000101001010000
164 0000101001001111000010100100111000001010010011010000101001001100000010100100101100001010010010100000101001001001000010100100100000001010010001110000101001000110000010100100010100001010010001000000101001000011000010100100001000001010010000010000101001000000
163 0000101000111111000010100011111000001010001111010000101000111100000010100011101100001010001110100000101000111001000010100011100000001010001101110000101000110110000010100011010100001010001101000000101000110011000010100011001000001010001100010000101000110000
162 0000101000101111000010100010111000001010001011010000101000101100000010100010101100001010001010100000101000101001000010100010100000001010001001110000101000100110000010100010010100001010001001000000101000100011000010100010001000001010001000010000101000100000
161 0000101000011111000010100001111000001010000111010000101000011100000010100001101100001010000110100000101000011001000010100001100000001010000101110000101000010110000010100001010100001010000101000000101000010011000010100001001000001010000100010000101000010000
160 0000101000001111000010100000111000001010000011010000101000001100000010100000101100001010000010100000101000001001000010100000100000001010000001110000101000000110000010100000010100001010000001000000101000000011000010100000001000001010000000010000101000000000
159 0000100111111111000010011111111000001001111111010000100111111100000010011111101100001001111110100000100111111001000010011111100000001001111101110000100111110110000010011111010100001001111101000000100111110011000010011111001000001001111100010000100111110000
158 0000100111101111000010011110111000001001111011010000100111101100000010011110101100001001111010100000100111101001000010011110100000001001111001110000100111100110000010011110010100001001111001000000100111100011000010011110001000001001111000010000100111100000
157 0000100111011111000010011101111000001001110111010000100111011100000010011101101100001001110110100000100111011001000010011101100000001001110101110000100111010110000010011101010100001001110101000000100111010011000010011101001000001001110100010000100111010000
156 0000100111001111000010011100111000001001110011010000100111001100000010011100101100001001110010100000100111001001000010011100100000001001110001110000100111000110000010011100010100001001110001000000100111000011000010011100001000001001110000010000100111000000
155 0000100110111111000010011011111000001001101111010000100110111100000010011011101100001001101110100000100110111001000010011011100000001001101101110000100110110110000010011011010100001001101101000000100110110011000010011011001000001001101100010000100110110000
154 0000100110101111000010011010111000001001101011010000100110101100000010011010101100001001101010100000100110101001000010011010100000001001101001110000100110100110000010011010010100001001101001000000100110100011000010011010001000001001101000010000100110100000
153 0000100110011111000010011001111000001001100111010000100110011100000010011001101100001001100110100000100110011001000010011001100000001001100101110000100110010110000010011001010100001001100101000000100110010011000010011001001000001001100100010000100110010000
152 0000100110001111000010011000111000001001100011010000100110001100000010011000101100001001100010100000100110001001000010011000100000001001100001110000100110000110000010011000010100001001100001000000100110000011000010011000001000001001100000010000100110000000
151 0000100101111111000010010111111000001001011111010000100101111100000010010111101100001001011110100000100101111001000010010111100000001001011101110000100101110110000010010111010100001001011101000000100101110011000010010111001000001001011100010000100101110000
150 0000100101101111000010010110111000001001011011010000100101101100000010010110101100001001011010100000100101101001000010010110100000001001011001110000100101100110000010010110010100001001011001000000100101100011000010010110001000001001011000010000100101100000
149 0000100101011111000010010101111000001001010111010000100101011100000010010101101100001001010110100000100101011001000010010101100000001001010101110000100101010110000010010101010100001001010101000000100101010011000010010101001000001001010100010000100101010000
148 0000100101001111000010010100111000001001010011010000100101001100000010010100101100001001010010100000100101001001000010010100100000001001010001110000100101000110000010010100010100001001010001000000100101000011000010010100001000001001010000010000100101000000
147 0000100100111111000010010011111000001001001111010000100100111100000010010011101100001001001110100000100100111001000010010011100000001001001101110000100100110110000010010011010100001001001101000000100100110011000010010011001000001001001100010000100100110000
146 0000100100101111000010010010111000001001001011010000100100101100000010010010101100001001001010100000100100101001000010010010100000001001001001110000100100100110000010010010010100001001001001000000100100100011000010010010001000001001001000010000100100100000
145 0000100100011111000010010001111000001001000111010000100100011100000010010001101100001001000110100000100100011001000010010001100000001001000101110000100100010110000010010001010100001001000101000000100100010011000010010001001000001001000100010000100100010000
144 0000100100001111000010010000111000001001000011010000100100001100000010010000101100001001000010100000100100001001000010010000100000001001000001110000100100000110000010010000010100001001000001000000100100000011000010010000001000001001000000010000100100000000
143 0000100011111111000010001111111000001000111111010000100011111100000010001111101100001000111110100000100011111001000010001111100000001000111101110000100011110110000010001111010100001000111101000000100011110011000010001111001000001000111100010000100011110000
142 0000100011101111000010001110111000001000111011010000100011101100000010001110101100001000111010100000100011101001000010001110100000001000111001110000100011100110000010001110010100001000111001000000100011100011000010001110001000001000111000010000100011100000
141 0000100011011111000010001101111000001000110111010000100011011100000010001101101100001000110110100000100011011001000010001101100000001000110101110000100011010110000010001101010100001000110101000000100011010011000010001101001000001000110100010000100011010000
140 0000100011001111000010001100111000001000110011010000100011001100000010001100101100001000110010100000100011001001000010001100100000001000110001110000100011000110000010001100010100001000110001000000100011000011000010001100001000001000110000010000100011000000
139 0000100010111111000010001011111000001000101111010000100010111100000010001011101100001000101110100000100010111001000010001011100000001000101101110000100010110110000010001011010100001000101101000000100010110011000010001011001000001000101100010000100010110000
138 0000100010101111000010001010111000001000101011010000100010101100000010001010101100001000101010100000100010101001000010001010100000001000101001110000100010100110000010001010010100001000101001000000100010100011000010001010001000001000101000010000100010100000
137 0000100010011111000010001001111000001000100111010000100010011100000010001001101100001000100110100000100010011001000010001001100000001000100101110000100010010110000010001001010100001000100101000000100010010011000010001001001000001000100100010000100010010000
136 0000100010001111000010001000111000001000100011010000100010001100000010001000101100001000100010100000100010001001000010001000100000001000100001110000100010000110000010001000010100001000100001000000100010000011000010001000001000001000100000010000100010000000
135 0000100001111111000010000111111000001000011111010000100001111100000010000111101100001000011110100000100001111001000010000111100000001000011101110000100001110110000010000111010100001000011101000000100001110011000010000111001000001000011100010000100001110000
134 0000100001101111000010000110111000001000011011010000100001101100000010000110101100001000011010100000100001101001000010000110100000001000011001110000100001100110000010000110010100001000011001000000100001100011000010000110001000001000011000010000100001100000
133 0000100001011111000010000101111000001000010111010000100001011100000010000101101100001000010110100000100001011001000010000101100000001000010101110000100001010110000010000101010100001000010101000000100001010011000010000101001000001000010100010000100001010000
132 0000100001001111000010000100111000001000010011010000100001001100000010000100101100001000010010100000100001001001000010000100100000001000010001110000100001000110000010000100010100001000010001000000100001000011000010000100001000001000010000010000100001000000
131 0000100000111111000010000011111000001000001111010000100000111100000010000011101100001000001110100000100000111001000010000011100000001000001101110000100000110110000010000011010100001000001101000000100000110011000010000011001000001000001100010000100000110000
130 0000100000101111000010000010111000001000001011010000100000101100000010000010101100001000001010100000100000101001000010000010100000001000001001110000100000100110000010000010010100001000001001000000100000100011000010000010001000001000001000010000100000100000
129 0000100000011111000010000001111000001000000111010000100000011100000010000001101100001000000110100000100000011001000010000001100000001000000101110000100000010110000010000001010100001000000101000000100000010011000010000001001000001000000100010000100000010000
128 0000100000001111000010000000111000001000000011010000100000001100000010000000101100001000000010100000100000001001000010000000100000001000000001110000100000000110000010000000010100001000000001000000100000000011000010000000001000001000000000010000100000000000
127 0000011111111111000001111111111000000111111111010000011111111100000001111111101100000111111110100000011111111001000001111111100000000111111101110000011111110110000001111111010100000111111101000000011111110011000001111111001000000111111100010000011111110000
58 0000001110101111000000111010111000000011101011010000001110101100000000111010101100000011101010100000001110101001000000111010100000000011101001110000001110100110000000111010010100000011101001000000001110100011000000111010001000000011101000010000001110100000
57 0000001110011111000000111001111000000011100111010000001110011100000000111001101100000011100110100000001110011001000000111001100000000011100101110000001110010110000000111001010100000011100101000000001110010011000000111001001000000011100100010000001110010000
56 0000001110001111000000111000111000000011100011010000001110001100000000111000101100000011100010100000001110001001000000111000100000000011100001110000001110000110000000111000010100000011100001000000001110000011000000111000001000000011100000010000001110000000
55 0000001101111111000000110111111000000011011111010000001101111100000000110111101100000011011110100000001101111001000000110111100000000011011101110000001101110110000000110111010100000011011101000000001101110011000000110111001000000011011100010000001101110000
54 0000001101101111000000110110111000000011011011010000001101101100000000110110101100000011011010100000001101101001000000110110100000000011011001110000001101100110000000110110010100000011011001000000001101100011000000110110001000000011011000010000001101100000
53 0000001101011111000000110101111000000011010111010000001101011100000000110101101100000011010110100000001101011001000000110101100000000011010101110000001101010110000000110101010100000011010101000000001101010011000000110101001000000011010100010000001101010000
52 0000001101001111000000110100111000000011010011010000001101001100000000110100101100000011010010100000001101001001000000110100100000000011010001110000001101000110000000110100010100000011010001000000001101000011000000110100001000000011010000010000001101000000
51 0000001100111111000000110011111000000011001111010000001100111100000000110011101100000011001110100000001100111001000000110011100000000011001101110000001100110110000000110011010100000011001101000000001100110011000000110011001000000011001100010000001100110000
50 0000001100101111000000110010111000000011001011010000001100101100000000110010101100000011001010100000001100101001000000110010100000000011001001110000001100100110000000110010010100000011001001000000001100100011000000110010001000000011001000010000001100100000
49 0000001100011111000000110001111000000011000111010000001100011100000000110001101100000011000110100000001100011001000000110001100000000011000101110000001100010110000000110001010100000011000101000000001100010011000000110001001000000011000100010000001100010000
48 0000001100001111000000110000111000000011000011010000001100001100000000110000101100000011000010100000001100001001000000110000100000000011000001110000001100000110000000110000010100000011000001000000001100000011000000110000001000000011000000010000001100000000
47 0000001011111111000000101111111000000010111111010000001011111100000000101111101100000010111110100000001011111001000000101111100000000010111101110000001011110110000000101111010100000010111101000000001011110011000000101111001000000010111100010000001011110000
46 0000001011101111000000101110111000000010111011010000001011101100000000101110101100000010111010100000001011101001000000101110100000000010111001110000001011100110000000101110010100000010111001000000001011100011000000101110001000000010111000010000001011100000
45 0000001011011111000000101101111000000010110111010000001011011100000000101101101100000010110110100000001011011001000000101101100000000010110101110000001011010110000000101101010100000010110101000000001011010011000000101101001000000010110100010000001011010000
44 0000001011001111000000101100111000000010110011010000001011001100000000101100101100000010110010100000001011001001000000101100100000000010110001110000001011000110000000101100010100000010110001000000001011000011000000101100001000000010110000010000001011000000
43 0000001010111111000000101011111000000010101111010000001010111100000000101011101100000010101110100000001010111001000000101011100000000010101101110000001010110110000000101011010100000010101101000000001010110011000000101011001000000010101100010000001010110000
42 0000001010101111000000101010111000000010101011010000001010101100000000101010101100000010101010100000001010101001000000101010100000000010101001110000001010100110000000101010010100000010101001000000001010100011000000101010001000000010101000010000001010100000
41 0000001010011111000000101001111000000010100111010000001010011100000000101001101100000010100110100000001010011001000000101001100000000010100101110000001010010110000000101001010100000010100101000000001010010011000000101001001000000010100100010000001010010000
40 0000001010001111000000101000111000000010100011010000001010001100000000101000101100000010100010100000001010001001000000101000100000000010100001110000001010000110000000101000010100000010100001000000001010000011000000101000001000000010100000010000001010000000
39 0000001001111111000000100111111000000010011111010000001001111100000000100111101100000010011110100000001001111001000000100111100000000010011101110000001001110110000000100111010100000010011101000000001001110011000000100111001000000010011100010000001001110000
38 0000001001101111000000100110111000000010011011010000001001101100000000100110101100000010011010100000001001101001000000100110100000000010011001110000001001100110000000100110010100000010011001000000001001100011000000100110001000000010011000010000001001100000
37 0000001001011111000000100101111000000010010111010000001001011100000000100101101100000010010110100000001001011001000000100101100000000010010101110000001001010110000000100101010100000010010101000000001001010011000000100101001000000010010100010000001001010000
36 0000001001001111000000100100111000000010010011010000001001001100000000100100101100000010010010100000001001001001000000100100100000000010010001110000001001000110000000100100010100000010010001000000001001000011000000100100001000000010010000010000001001000000
35 0000001000111111000000100011111000000010001111010000001000111100000000100011101100000010001110100000001000111001000000100011100000000010001101110000001000110110000000100011010100000010001101000000001000110011000000100011001000000010001100010000001000110000
34 0000001000101111000000100010111000000010001011010000001000101100000000100010101100000010001010100000001000101001000000100010100000000010001001110000001000100110000000100010010100000010001001000000001000100011000000100010001000000010001000010000001000100000
33 0000001000011111000000100001111000000010000111010000001000011100000000100001101100000010000110100000001000011001000000100001100000000010000101110000001000010110000000100001010100000010000101000000001000010011000000100001001000000010000100010000001000010000
32 0000001000001111000000100000111000000010000011010000001000001100000000100000101100000010000010100000001000001001000000100000100000000010000001110000001000000110000000100000010100000010000001000000001000000011000000100000001000000010000000010000001000000000
31 0000000111111111000000011111111000000001111111010000000111111100000000011111101100000001111110100000000111111001000000011111100000000001111101110000000111110110000000011111010100000001111101000000000111110011000000011111001000000001111100010000000111110000
30 0000000111101111000000011110111000000001111011010000000111101100000000011110101100000001111010100000000111101001000000011110100000000001111001110000000111100110000000011110010100000001111001000000000111100011000000011110001000000001111000010000000111100000
29 0000000111011111000000011101111000000001110111010000000111011100000000011101101100000001110110100000000111011001000000011101100000000001110101110000000111010110000000011101010100000001110101000000000111010011000000011101001000000001110100010000000111010000
12 0000000011001111000000001100111000000000110011010000000011001100000000001100101100000000110010100000000011001001000000001100100000000000110001110000000011000110000000001100010100000000110001000000000011000011000000001100001000000000110000010000000011000000
11 0000000010111111000000001011111000000000101111010000000010111100000000001011101100000000101110100000000010111001000000001011100000000000101101110000000010110110000000001011010100000000101101000000000010110011000000001011001000000000101100010000000010110000
10 0000000010101111000000001010111000000000101011010000000010101100000000001010101100000000101010100000000010101001000000001010100000000000101001110000000010100110000000001010010100000000101001000000000010100011000000001010001000000000101000010000000010100000
9 0000000010011111000000001001111000000000100111010000000010011100000000001001101100000000100110100000000010011001000000001001100000000000100101110000000010010110000000001001010100000000100101000000000010010011000000001001001000000000100100010000000010010000
8 0000000010001111000000001000111000000000100011010000000010001100000000001000101100000000100010100000000010001001000000001000100000000000100001110000000010000110000000001000010100000000100001000000000010000011000000001000001000000000100000010000000010000000
7 0000000001111111000000000111111000000000011111010000000001111100000000000111101100000000011110100000000001111001000000000111100000000000011101110000000001110110000000000111010100000000011101000000000001110011000000000111001000000000011100010000000001110000
6 0000000001101111000000000110111000000000011011010000000001101100000000000110101100000000011010100000000001101001000000000110100000000000011001110000000001100110000000000110010100000000011001000000000001100011000000000110001000000000011000010000000001100000
5 0000000001011111000000000101111000000000010111010000000001011100000000000101101100000000010110100000000001011001000000000101100000000000010101110000000001010110000000000101010100000000010101000000000001010011000000000101001000000000010100010000000001010000
4 0000000001001111000000000100111000000000010011010000000001001100000000000100101100000000010010100000000001001001000000000100100000000000010001110000000001000110000000000100010100000000010001000000000001000011000000000100001000000000010000010000000001000000
3 0000000000111111000000000011111000000000001111010000000000111100000000000011101100000000001110100000000000111001000000000011100000000000001101110000000000110110000000000011010100000000001101000000000000110011000000000011001000000000001100010000000000110000
2 0000000000101111000000000010111000000000001011010000000000101100000000000010101100000000001010100000000000101001000000000010100000000000001001110000000000100110000000000010010100000000001001000000000000100011000000000010001000000000001000010000000000100000
1 0000000000011111000000000001111000000000000111010000000000011100000000000001101100000000000110100000000000011001000000000001100000000000000101110000000000010110000000000001010100000000000101000000000000010011000000000001001000000000000100010000000000010000
0 0000000000001111000000000000111000000000000011010000000000001100000000000000101100000000000010100000000000001001000000000000100000000000000001110000000000000110000000000000010100000000000001000000000000000011000000000000001000000000000000010000000000000000
13 0000000011011111000000001101111000000000110111010000000011011100000000001101101100000000110110100000000011011001000000001101100000000000110101110000000011010110000000001101010100000000110101000000000011010011000000001101001000000000110100010000000011010000
14 0000000011101111000000001110111000000000111011010000000011101100000000001110101100000000111010100000000011101001000000001110100000000000111001110000000011100110000000001110010100000000111001000000000011100011000000001110001000000000111000010000000011100000
15 0000000011111111000000001111111000000000111111010000000011111100000000001111101100000000111110100000000011111001000000001111100000000000111101110000000011110110000000001111010100000000111101000000000011110011000000001111001000000000111100010000000011110000
16 0000000100001111000000010000111000000001000011010000000100001100000000010000101100000001000010100000000100001001000000010000100000000001000001110000000100000110000000010000010100000001000001000000000100000011000000010000001000000001000000010000000100000000
17 0000000100011111000000010001111000000001000111010000000100011100000000010001101100000001000110100000000100011001000000010001100000000001000101110000000100010110000000010001010100000001000101000000000100010011000000010001001000000001000100010000000100010000
18 0000000100101111000000010010111000000001001011010000000100101100000000010010101100000001001010100000000100101001000000010010100000000001001001110000000100100110000000010010010100000001001001000000000100100011000000010010001000000001001000010000000100100000
19 0000000100111111000000010011111000000001001111010000000100111100000000010011101100000001001110100000000100111001000000010011100000000001001101110000000100110110000000010011010100000001001101000000000100110011000000010011001000000001001100010000000100110000
20 0000000101001111000000010100111000000001010011010000000101001100000000010100101100000001010010100000000101001001000000010100100000000001010001110000000101000110000000010100010100000001010001000000000101000011000000010100001000000001010000010000000101000000
21 0000000101011111000000010101111000000001010111010000000101011100000000010101101100000001010110100000000101011001000000010101100000000001010101110000000101010110000000010101010100000001010101000000000101010011000000010101001000000001010100010000000101010000
22 0000000101101111000000010110111000000001011011010000000101101100000000010110101100000001011010100000000101101001000000010110100000000001011001110000000101100110000000010110010100000001011001000000000101100011000000010110001000000001011000010000000101100000
23 0000000101111111000000010111111000000001011111010000000101111100000000010111101100000001011110100000000101111001000000010111100000000001011101110000000101110110000000010111010100000001011101000000000101110011000000010111001000000001011100010000000101110000
24 0000000110001111000000011000111000000001100011010000000110001100000000011000101100000001100010100000000110001001000000011000100000000001100001110000000110000110000000011000010100000001100001000000000110000011000000011000001000000001100000010000000110000000
25 0000000110011111000000011001111000000001100111010000000110011100000000011001101100000001100110100000000110011001000000011001100000000001100101110000000110010110000000011001010100000001100101000000000110010011000000011001001000000001100100010000000110010000
26 0000000110101111000000011010111000000001101011010000000110101100000000011010101100000001101010100000000110101001000000011010100000000001101001110000000110100110000000011010010100000001101001000000000110100011000000011010001000000001101000010000000110100000
27 0000000110111111000000011011111000000001101111010000000110111100000000011011101100000001101110100000000110111001000000011011100000000001101101110000000110110110000000011011010100000001101101000000000110110011000000011011001000000001101100010000000110110000
28 0000000111001111000000011100111000000001110011010000000111001100000000011100101100000001110010100000000111001001000000011100100000000001110001110000000111000110000000011100010100000001110001000000000111000011000000011100001000000001110000010000000111000000
59 0000001110111111000000111011111000000011101111010000001110111100000000111011101100000011101110100000001110111001000000111011100000000011101101110000001110110110000000111011010100000011101101000000001110110011000000111011001000000011101100010000001110110000
60 0000001111001111000000111100111000000011110011010000001111001100000000111100101100000011110010100000001111001001000000111100100000000011110001110000001111000110000000111100010100000011110001000000001111000011000000111100001000000011110000010000001111000000
61 0000001111011111000000111101111000000011110111010000001111011100000000111101101100000011110110100000001111011001000000111101100000000011110101110000001111010110000000111101010100000011110101000000001111010011000000111101001000000011110100010000001111010000
62 0000001111101111000000111110111000000011111011010000001111101100000000111110101100000011111010100000001111101001000000111110100000000011111001110000001111100110000000111110010100000011111001000000001111100011000000111110001000000011111000010000001111100000
63 0000001111111111000000111111111000000011111111010000001111111100000000111111101100000011111110100000001111111001000000111111100000000011111101110000001111110110000000111111010100000011111101000000001111110011000000111111001000000011111100010000001111110000
64 0000010000001111000001000000111000000100000011010000010000001100000001000000101100000100000010100000010000001001000001000000100000000100000001110000010000000110000001000000010100000100000001000000010000000011000001000000001000000100000000010000010000000000
65 0000010000011111000001000001111000000100000111010000010000011100000001000001101100000100000110100000010000011001000001000001100000000100000101110000010000010110000001000001010100000100000101000000010000010011000001000001001000000100000100010000010000010000
66 0000010000101111000001000010111000000100001011010000010000101100000001000010101100000100001010100000010000101001000001000010100000000100001001110000010000100110000001000010010100000100001001000000010000100011000001000010001000000100001000010000010000100000
67 0000010000111111000001000011111000000100001111010000010000111100000001000011101100000100001110100000010000111001000001000011100000000100001101110000010000110110000001000011010100000100001101000000010000110011000001000011001000000100001100010000010000110000
68 0000010001001111000001000100111000000100010011010000010001001100000001000100101100000100010010100000010001001001000001000100100000000100010001110000010001000110000001000100010100000100010001000000010001000011000001000100001000000100010000010000010001000000
69 0000010001011111000001000101111000000100010111010000010001011100000001000101101100000100010110100000010001011001000001000101100000000100010101110000010001010110000001000101010100000100010101000000010001010011000001000101001000000100010100010000010001010000
70 0000010001101111000001000110111000000100011011010000010001101100000001000110101100000100011010100000010001101001000001000110100000000100011001110000010001100110000001000110010100000100011001000000010001100011000001000110001000000100011000010000010001100000
71 0000010001111111000001000111111000000100011111010000010001111100000001000111101100000100011110100000010001111001000001000111100000000100011101110000010001110110000001000111010100000100011101000000010001110011000001000111001000000100011100010000010001110000
72 0000010010001111000001001000111000000100100011010000010010001100000001001000101100000100100010100000010010001001000001001000100000000100100001110000010010000110000001001000010100000100100001000000010010000011000001001000001000000100100000010000010010000000
73 0000010010011111000001001001111000000100100111010000010010011100000001001001101100000100100110100000010010011001000001001001100000000100100101110000010010010110000001001001010100000100100101000000010010010011000001001001001000000100100100010000010010010000
74 0000010010101111000001001010111000000100101011010000010010101100000001001010101100000100101010100000010010101001000001001010100000000100101001110000010010100110000001001010010100000100101001000000010010100011000001001010001000000100101000010000010010100000
75 0000010010111111000001001011111000000100101111010000010010111100000001001011101100000100101110100000010010111001000001001011100000000100101101110000010010110110000001001011010100000100101101000000010010110011000001001011001000000100101100010000010010110000
76 0000010011001111000001001100111000000100110011010000010011001100000001001100101100000100110010100000010011001001000001001100100000000100110001110000010011000110000001001100010100000100110001000000010011000011000001001100001000000100110000010000010011000000
77 0000010011011111000001001101111000000100110111010000010011011100000001001101101100000100110110100000010011011001000001001101100000000100110101110000010011010110000001001101010100000100110101000000010011010011000001001101001000000100110100010000010011010000
78 0000010011101111000001001110111000000100111011010000010011101100000001001110101100000100111010100000010011101001000001001110100000000100111001110000010011100110000001001110010100000100111001000000010011100011000001001110001000000100111000010000010011100000
79 0000010011111111000001001111111000000100111111010000010011111100000001001111101100000100111110100000010011111001000001001111100000000100111101110000010011110110000001001111010100000100111101000000010011110011000001001111001000000100111100010000010011110000
80 0000010100001111000001010000111000000101000011010000010100001100000001010000101100000101000010100000010100001001000001010000100000000101000001110000010100000110000001010000010100000101000001000000010100000011000001010000001000000101000000010000010100000000
81 0000010100011111000001010001111000000101000111010000010100011100000001010001101100000101000110100000010100011001000001010001100000000101000101110000010100010110000001010001010100000101000101000000010100010011000001010001001000000101000100010000010100010000
82 0000010100101111000001010010111000000101001011010000010100101100000001010010101100000101001010100000010100101001000001010010100000000101001001110000010100100110000001010010010100000101001001000000010100100011000001010010001000000101001000010000010100100000
83 0000010100111111000001010011111000000101001111010000010100111100000001010011101100000101001110100000010100111001000001010011100000000101001101110000010100110110000001010011010100000101001101000000010100110011000001010011001000000101001100010000010100110000
84 0000010101001111000001010100111000000101010011010000010101001100000001010100101100000101010010100000010101001001000001010100100000000101010001110000010101000110000001010100010100000101010001000000010101000011000001010100001000000101010000010000010101000000
85 0000010101011111000001010101111000000101010111010000010101011100000001010101101100000101010110100000010101011001000001010101100000000101010101110000010101010110000001010101010100000101010101000000010101010011000001010101001000000101010100010000010101010000
86 0000010101101111000001010110111000000101011011010000010101101100000001010110101100000101011010100000010101101001000001010110100000000101011001110000010101100110000001010110010100000101011001000000010101100011000001010110001000000101011000010000010101100000
87 0000010101111111000001010111111000000101011111010000010101111100000001010111101100000101011110100000010101111001000001010111100000000101011101110000010101110110000001010111010100000101011101000000010101110011000001010111001000000101011100010000010101110000
88 0000010110001111000001011000111000000101100011010000010110001100000001011000101100000101100010100000010110001001000001011000100000000101100001110000010110000110000001011000010100000101100001000000010110000011000001011000001000000101100000010000010110000000
89 0000010110011111000001011001111000000101100111010000010110011100000001011001101100000101100110100000010110011001000001011001100000000101100101110000010110010110000001011001010100000101100101000000010110010011000001011001001000000101100100010000010110010000
90 0000010110101111000001011010111000000101101011010000010110101100000001011010101100000101101010100000010110101001000001011010100000000101101001110000010110100110000001011010010100000101101001000000010110100011000001011010001000000101101000010000010110100000
91 0000010110111111000001011011111000000101101111010000010110111100000001011011101100000101101110100000010110111001000001011011100000000101101101110000010110110110000001011011010100000101101101000000010110110011000001011011001000000101101100010000010110110000
92 0000010111001111000001011100111000000101110011010000010111001100000001011100101100000101110010100000010111001001000001011100100000000101110001110000010111000110000001011100010100000101110001000000010111000011000001011100001000000101110000010000010111000000
93 0000010111011111000001011101111000000101110111010000010111011100000001011101101100000101110110100000010111011001000001011101100000000101110101110000010111010110000001011101010100000101110101000000010111010011000001011101001000000101110100010000010111010000
94 0000010111101111000001011110111000000101111011010000010111101100000001011110101100000101111010100000010111101001000001011110100000000101111001110000010111100110000001011110010100000101111001000000010111100011000001011110001000000101111000010000010111100000
95 0000010111111111000001011111111000000101111111010000010111111100000001011111101100000101111110100000010111111001000001011111100000000101111101110000010111110110000001011111010100000101111101000000010111110011000001011111001000000101111100010000010111110000
96 0000011000001111000001100000111000000110000011010000011000001100000001100000101100000110000010100000011000001001000001100000100000000110000001110000011000000110000001100000010100000110000001000000011000000011000001100000001000000110000000010000011000000000
97 0000011000011111000001100001111000000110000111010000011000011100000001100001101100000110000110100000011000011001000001100001100000000110000101110000011000010110000001100001010100000110000101000000011000010011000001100001001000000110000100010000011000010000
98 0000011000101111000001100010111000000110001011010000011000101100000001100010101100000110001010100000011000101001000001100010100000000110001001110000011000100110000001100010010100000110001001000000011000100011000001100010001000000110001000010000011000100000
99 0000011000111111000001100011111000000110001111010000011000111100000001100011101100000110001110100000011000111001000001100011100000000110001101110000011000110110000001100011010100000110001101000000011000110011000001100011001000000110001100010000011000110000
100 0000011001001111000001100100111000000110010011010000011001001100000001100100101100000110010010100000011001001001000001100100100000000110010001110000011001000110000001100100010100000110010001000000011001000011000001100100001000000110010000010000011001000000
101 0000011001011111000001100101111000000110010111010000011001011100000001100101101100000110010110100000011001011001000001100101100000000110010101110000011001010110000001100101010100000110010101000000011001010011000001100101001000000110010100010000011001010000
102 0000011001101111000001100110111000000110011011010000011001101100000001100110101100000110011010100000011001101001000001100110100000000110011001110000011001100110000001100110010100000110011001000000011001100011000001100110001000000110011000010000011001100000
103 0000011001111111000001100111111000000110011111010000011001111100000001100111101100000110011110100000011001111001000001100111100000000110011101110000011001110110000001100111010100000110011101000000011001110011000001100111001000000110011100010000011001110000
104 0000011010001111000001101000111000000110100011010000011010001100000001101000101100000110100010100000011010001001000001101000100000000110100001110000011010000110000001101000010100000110100001000000011010000011000001101000001000000110100000010000011010000000
105 0000011010011111000001101001111000000110100111010000011010011100000001101001101100000110100110100000011010011001000001101001100000000110100101110000011010010110000001101001010100000110100101000000011010010011000001101001001000000110100100010000011010010000
106 0000011010101111000001101010111000000110101011010000011010101100000001101010101100000110101010100000011010101001000001101010100000000110101001110000011010100110000001101010010100000110101001000000011010100011000001101010001000000110101000010000011010100000
107 0000011010111111000001101011111000000110101111010000011010111100000001101011101100000110101110100000011010111001000001101011100000000110101101110000011010110110000001101011010100000110101101000000011010110011000001101011001000000110101100010000011010110000
108 0000011011001111000001101100111000000110110011010000011011001100000001101100101100000110110010100000011011001001000001101100100000000110110001110000011011000110000001101100010100000110110001000000011011000011000001101100001000000110110000010000011011000000
109 0000011011011111000001101101111000000110110111010000011011011100000001101101101100000110110110100000011011011001000001101101100000000110110101110000011011010110000001101101010100000110110101000000011011010011000001101101001000000110110100010000011011010000
110 0000011011101111000001101110111000000110111011010000011011101100000001101110101100000110111010100000011011101001000001101110100000000110111001110000011011100110000001101110010100000110111001000000011011100011000001101110001000000110111000010000011011100000
111 0000011011111111000001101111111000000110111111010000011011111100000001101111101100000110111110100000011011111001000001101111100000000110111101110000011011110110000001101111010100000110111101000000011011110011000001101111001000000110111100010000011011110000
112 0000011100001111000001110000111000000111000011010000011100001100000001110000101100000111000010100000011100001001000001110000100000000111000001110000011100000110000001110000010100000111000001000000011100000011000001110000001000000111000000010000011100000000
113 0000011100011111000001110001111000000111000111010000011100011100000001110001101100000111000110100000011100011001000001110001100000000111000101110000011100010110000001110001010100000111000101000000011100010011000001110001001000000111000100010000011100010000
114 0000011100101111000001110010111000000111001011010000011100101100000001110010101100000111001010100000011100101001000001110010100000000111001001110000011100100110000001110010010100000111001001000000011100100011000001110010001000000111001000010000011100100000
115 0000011100111111000001110011111000000111001111010000011100111100000001110011101100000111001110100000011100111001000001110011100000000111001101110000011100110110000001110011010100000111001101000000011100110011000001110011001000000111001100010000011100110000
116 0000011101001111000001110100111000000111010011010000011101001100000001110100101100000111010010100000011101001001000001110100100000000111010001110000011101000110000001110100010100000111010001000000011101000011000001110100001000000111010000010000011101000000
117 0000011101011111000001110101111000000111010111010000011101011100000001110101101100000111010110100000011101011001000001110101100000000111010101110000011101010110000001110101010100000111010101000000011101010011000001110101001000000111010100010000011101010000
118 0000011101101111000001110110111000000111011011010000011101101100000001110110101100000111011010100000011101101001000001110110100000000111011001110000011101100110000001110110010100000111011001000000011101100011000001110110001000000111011000010000011101100000
119 0000011101111111000001110111111000000111011111010000011101111100000001110111101100000111011110100000011101111001000001110111100000000111011101110000011101110110000001110111010100000111011101000000011101110011000001110111001000000111011100010000011101110000
120 0000011110001111000001111000111000000111100011010000011110001100000001111000101100000111100010100000011110001001000001111000100000000111100001110000011110000110000001111000010100000111100001000000011110000011000001111000001000000111100000010000011110000000
121 0000011110011111000001111001111000000111100111010000011110011100000001111001101100000111100110100000011110011001000001111001100000000111100101110000011110010110000001111001010100000111100101000000011110010011000001111001001000000111100100010000011110010000
122 0000011110101111000001111010111000000111101011010000011110101100000001111010101100000111101010100000011110101001000001111010100000000111101001110000011110100110000001111010010100000111101001000000011110100011000001111010001000000111101000010000011110100000
123 0000011110111111000001111011111000000111101111010000011110111100000001111011101100000111101110100000011110111001000001111011100000000111101101110000011110110110000001111011010100000111101101000000011110110011000001111011001000000111101100010000011110110000
124 0000011111001111000001111100111000000111110011010000011111001100000001111100101100000111110010100000011111001001000001111100100000000111110001110000011111000110000001111100010100000111110001000000011111000011000001111100001000000111110000010000011111000000
125 0000011111011111000001111101111000000111110111010000011111011100000001111101101100000111110110100000011111011001000001111101100000000111110101110000011111010110000001111101010100000111110101000000011111010011000001111101001000000111110100010000011111010000
126 0000011111101111000001111110111000000111111011010000011111101100000001111110101100000111111010100000011111101001000001111110100000000111111001110000011111100110000001111110010100000111111001000000011111100011000001111110001000000111111000010000011111100000
