12 0000000000101111000000000001110100000000000110000000000000011001000000000010010000000000000111010000000000101010000000000001110100000000000111110000000000011001000000000010011100000000000111010000000000100010000000000001110100000000000101100000000000100011
11 0000000000100011000000000010001100000000001000000000000000011101000000000010100100000000001000110000000000101010000000000010011000000000000101000000000000011010000000000000111000000000000110010000000000001101000000000010111100000000001000000000000000010000
10 0000000000011001000000000000111000000000001001110000000000010000000000000010011000000000001000010000000000011101000000000001100100000000000110010000000000010110000000000010000100000000000111100000000000011100000000000001100000000000000111100000000000011100
9 0000000000100000000000000001101100000000000110010000000000010101000000000001100100000000000011110000000000010011000000000001010000000000000111010000000000011010000000000010000100000000000100100000000000010111000000000001101100000000000100110000000000011010
8 0000000000100000000000000001001100000000001000000000000000010100000000000001001000000000000101100000000000011001000000000010101000000000000100100000000000100001000000000001100000000000001010010000000000100110000000000001101000000000001100100000000000100010
7 0000000000110010000000000001101000000000001000010000000000100001000000000010101000000000001011000000000000011110000000000010110000000000000111000000000000101000000000000001110100000000001010110000000000011111000000000001110100000000000110010000000000101100
6 0000000000011000000000000001111000000000000111010000000000011100000000000001110000000000000111100000000000100000000000000001100100000000001010010000000000011110000000000001010000000000000110110000000000011000000000000010000000000000000100010000000000010011
5 0000000000010001000000000000101100000000000100010000000000010101000000000001110100000000000100100000000000010010000000000010000000000000001000100000000000100100000000000001101000000000001000100000000000010011000000000001111100000000001000110000000000100011
4 0000000000010011000000000001000000000000000100010000000000010000000000000001111100000000001001110000000000011011000000000010101100000000001010110000000000011101000000000010011100000000001000000000000000101011000000000001110000000000000101010000000000010110
3 0000000000100001000000000001111100000000000110110000000000101100000000000001111100000000001001000000000000011000000000000001001100000000000110100000000000011011000000000010011000000000000101110000000000101100000000000001101000000000000111100000000000011010
2 0000000000011001000000000001011100000000001010000000000000011000000000000001100100000000000111100000000000011000000000000001111100000000000101010000000000100101000000000001110100000000000111110000000000100111000000000001101000000000001001000000000000011001
1 0000000000101000000000000010001100000000000110000000000000011010000000000010001000000000001011110000000000011001000000000001000000000000001000000000000000011000000000000001000000000000000110010000000000011010000000000010000100000000000110010000000000011100
0 0000000000100100000000000010000000000000000111110000000000010101000000000010001100000000000111010000000000101101000000000010011000000000000111010000000000010110000000000001111100000000001001000000000000011001000000000001011100000000000110000000000000011001
