216 0000000000000000000000000011111100000000001111100000000000111101000000000011110000000000001110110000000000111010000000000011100100000000001110000000000000110111000000000011011000000000001101010000000000110100000000000011001100000000001100100000000000110001
215 0000000000110000000000000010111100000000001011100000000000101101000000000010110000000000001010110000000000101010000000000010100100000000001010000000000000100111000000000010011000000000001001010000000000100100000000000010001100000000001000100000000000100001
214 0000000000100000000000000001111100000000000111100000000000011101000000000001110000000000000110110000000000011010000000000001100100000000000110000000000000010111000000000001011000000000000101010000000000010100000000000001001100000000000100100000000000010001
213 0000000000010000000000000000111100000000000011100000000000001101000000000000110000000000000010110000000000001010000000000000100100000000000010000000000000000111000000000000011000000000000001010000000000000100000000000000001100000000000000100000000000000001
212 0000000000000000000000000011111100000000001111100000000000111101000000000011110000000000001110110000000000111010000000000011100100000000001110000000000000110111000000000011011000000000001101010000000000110100000000000011001100000000001100100000000000110001
211 0000000000110000000000000010111100000000001011100000000000101101000000000010110000000000001010110000000000101010000000000010100100000000001010000000000000100111000000000010011000000000001001010000000000100100000000000010001100000000001000100000000000100001
210 0000000000100000000000000001111100000000000111100000000000011101000000000001110000000000000110110000000000011010000000000001100100000000000110000000000000010111000000000001011000000000000101010000000000010100000000000001001100000000000100100000000000010001
209 0000000000010000000000000000111100000000000011100000000000001101000000000000110000000000000010110000000000001010000000000000100100000000000010000000000000000111000000000000011000000000000001010000000000000100000000000000001100000000000000100000000000000001
208 0000000000000000000000000011111100000000001111100000000000111101000000000011110000000000001110110000000000111010000000000011100100000000001110000000000000110111000000000011011000000000001101010000000000110100000000000011001100000000001100100000000000110001
207 0000000000110000000000000010111100000000001011100000000000101101000000000010110000000000001010110000000000101010000000000010100100000000001010000000000000100111000000000010011000000000001001010000000000100100000000000010001100000000001000100000000000100001
206 0000000000100000000000000001111100000000000111100000000000011101000000000001110000000000000110110000000000011010000000000001100100000000000110000000000000010111000000000001011000000000000101010000000000010100000000000001001100000000000100100000000000010001
205 0000000000010000000000000000111100000000000011100000000000001101000000000000110000000000000010110000000000001010000000000000100100000000000010000000000000000111000000000000011000000000000001010000000000000100000000000000001100000000000000100000000000000001
204 0000000000000000000000000011111100000000001111100000000000111101000000000011110000000000001110110000000000111010000000000011100100000000001110000000000000110111000000000011011000000000001101010000000000110100000000000011001100000000001100100000000000110001
203 0000000000110000000000000010111100000000001011100000000000101101000000000010110000000000001010110000000000101010000000000010100100000000001010000000000000100111000000000010011000000000001001010000000000100100000000000010001100000000001000100000000000100001
202 0000000000100000000000000001111100000000000111100000000000011101000000000001110000000000000110110000000000011010000000000001100100000000000110000000000000010111000000000001011000000000000101010000000000010100000000000001001100000000000100100000000000010001
201 0000000000010000000000000000111100000000000011100000000000001101000000000000110000000000000010110000000000001010000000000000100100000000000010000000000000000111000000000000011000000000000001010000000000000100000000000000001100000000000000100000000000000001
200 0000000000000000000000000011111100000000001111100000000000111101000000000011110000000000001110110000000000111010000000000011100100000000001110000000000000110111000000000011011000000000001101010000000000110100000000000011001100000000001100100000000000110001
199 0000000000110000000000000010111100000000001011100000000000101101000000000010110000000000001010110000000000101010000000000010100100000000001010000000000000100111000000000010011000000000001001010000000000100100000000000010001100000000001000100000000000100001
198 0000000000100000000000000001111100000000000111100000000000011101000000000001110000000000000110110000000000011010000000000001100100000000000110000000000000010111000000000001011000000000000101010000000000010100000000000001001100000000000100100000000000010001
197 0000000000010000000000000000111100000000000011100000000000001101000000000000110000000000000010110000000000001010000000000000100100000000000010000000000000000111000000000000011000000000000001010000000000000100000000000000001100000000000000100000000000000001
196 0000000000000000000000000011111100000000001111100000000000111101000000000011110000000000001110110000000000111010000000000011100100000000001110000000000000110111000000000011011000000000001101010000000000110100000000000011001100000000001100100000000000110001
195 0000000000110000000000000010111100000000001011100000000000101101000000000010110000000000001010110000000000101010000000000010100100000000001010000000000000100111000000000010011000000000001001010000000000100100000000000010001100000000001000100000000000100001
194 0000000000100000000000000001111100000000000111100000000000011101000000000001110000000000000110110000000000011010000000000001100100000000000110000000000000010111000000000001011000000000000101010000000000010100000000000001001100000000000100100000000000010001
193 0000000000010000000000000000111100000000000011100000000000001101000000000000110000000000000010110000000000001010000000000000100100000000000010000000000000000111000000000000011000000000000001010000000000000100000000000000001100000000000000100000000000000001
192 0000000000000000000000000011111100000000001111100000000000111101000000000011110000000000001110110000000000111010000000000011100100000000001110000000000000110111000000000011011000000000001101010000000000110100000000000011001100000000001100100000000000110001
191 0000000000110000000000000010111100000000001011100000000000101101000000000010110000000000001010110000000000101010000000000010100100000000001010000000000000100111000000000010011000000000001001010000000000100100000000000010001100000000001000100000000000100001
190 0000000000100000000000000001111100000000000111100000000000011101000000000001110000000000000110110000000000011010000000000001100100000000000110000000000000010111000000000001011000000000000101010000000000010100000000000001001100000000000100100000000000010001
189 0000000000010000000000000000111100000000000011100000000000001101000000000000110000000000000010110000000000001010000000000000100100000000000010000000000000000111000000000000011000000000000001010000000000000100000000000000001100000000000000100000000000000001
188 0000000000000000000000000011111100000000001111100000000000111101000000000011110000000000001110110000000000111010000000000011100100000000001110000000000000110111000000000011011000000000001101010000000000110100000000000011001100000000001100100000000000110001
187 0000000000110000000000000010111100000000001011100000000000101101000000000010110000000000001010110000000000101010000000000010100100000000001010000000000000100111000000000010011000000000001001010000000000100100000000000010001100000000001000100000000000100001
186 0000000000100000000000000001111100000000000111100000000000011101000000000001110000000000000110110000000000011010000000000001100100000000000110000000000000010111000000000001011000000000000101010000000000010100000000000001001100000000000100100000000000010001
185 0000000000010000000000000000111100000000000011100000000000001101000000000000110000000000000010110000000000001010000000000000100100000000000010000000000000000111000000000000011000000000000001010000000000000100000000000000001100000000000000100000000000000001
184 0000000000000000000000000011111100000000001111100000000000111101000000000011110000000000001110110000000000111010000000000011100100000000001110000000000000110111000000000011011000000000001101010000000000110100000000000011001100000000001100100000000000110001
183 0000000000110000000000000010111100000000001011100000000000101101000000000010110000000000001010110000000000101010000000000010100100000000001010000000000000100111000000000010011000000000001001010000000000100100000000000010001100000000001000100000000000100001
182 0000000000100000000000000001111100000000000111100000000000011101000000000001110000000000000110110000000000011010000000000001100100000000000110000000000000010111000000000001011000000000000101010000000000010100000000000001001100000000000100100000000000010001
181 0000000000010000000000000000111100000000000011100000000000001101000000000000110000000000000010110000000000001010000000000000100100000000000010000000000000000111000000000000011000000000000001010000000000000100000000000000001100000000000000100000000000000001
180 0000000000000000000000000011111100000000001111100000000000111101000000000011110000000000001110110000000000111010000000000011100100000000001110000000000000110111000000000011011000000000001101010000000000110100000000000011001100000000001100100000000000110001
179 0000000000110000000000000010111100000000001011100000000000101101000000000010110000000000001010110000000000101010000000000010100100000000001010000000000000100111000000000010011000000000001001010000000000100100000000000010001100000000001000100000000000100001
178 0000000000100000000000000001111100000000000111100000000000011101000000000001110000000000000110110000000000011010000000000001100100000000000110000000000000010111000000000001011000000000000101010000000000010100000000000001001100000000000100100000000000010001
177 0000000000010000000000000000111100000000000011100000000000001101000000000000110000000000000010110000000000001010000000000000100100000000000010000000000000000111000000000000011000000000000001010000000000000100000000000000001100000000000000100000000000000001
176 0000000000000000000000000011111100000000001111100000000000111101000000000011110000000000001110110000000000111010000000000011100100000000001110000000000000110111000000000011011000000000001101010000000000110100000000000011001100000000001100100000000000110001
175 0000000000110000000000000010111100000000001011100000000000101101000000000010110000000000001010110000000000101010000000000010100100000000001010000000000000100111000000000010011000000000001001010000000000100100000000000010001100000000001000100000000000100001
174 0000000000100000000000000001111100000000000111100000000000011101000000000001110000000000000110110000000000011010000000000001100100000000000110000000000000010111000000000001011000000000000101010000000000010100000000000001001100000000000100100000000000010001
173 0000000000010000000000000000111100000000000011100000000000001101000000000000110000000000000010110000000000001010000000000000100100000000000010000000000000000111000000000000011000000000000001010000000000000100000000000000001100000000000000100000000000000001
172 0000000000000000000000000011111100000000001111100000000000111101000000000011110000000000001110110000000000111010000000000011100100000000001110000000000000110111000000000011011000000000001101010000000000110100000000000011001100000000001100100000000000110001
171 0000000000110000000000000010111100000000001011100000000000101101000000000010110000000000001010110000000000101010000000000010100100000000001010000000000000100111000000000010011000000000001001010000000000100100000000000010001100000000001000100000000000100001
170 0000000000100000000000000001111100000000000111100000000000011101000000000001110000000000000110110000000000011010000000000001100100000000000110000000000000010111000000000001011000000000000101010000000000010100000000000001001100000000000100100000000000010001
169 0000000000010000000000000000111100000000000011100000000000001101000000000000110000000000000010110000000000001010000000000000100100000000000010000000000000000111000000000000011000000000000001010000000000000100000000000000001100000000000000100000000000000001
168 0000000000000000000000000011111100000000001111100000000000111101000000000011110000000000001110110000000000111010000000000011100100000000001110000000000000110111000000000011011000000000001101010000000000110100000000000011001100000000001100100000000000110001
167 0000000000110000000000000010111100000000001011100000000000101101000000000010110000000000001010110000000000101010000000000010100100000000001010000000000000100111000000000010011000000000001001010000000000100100000000000010001100000000001000100000000000100001
166 0000000000100000000000000001111100000000000111100000000000011101000000000001110000000000000110110000000000011010000000000001100100000000000110000000000000010111000000000001011000000000000101010000000000010100000000000001001100000000000100100000000000010001
165 0000000000010000000000000000111100000000000011100000000000001101000000000000110000000000000010110000000000001010000000000000100100000000000010000000000000000111000000000000011000000000000001010000000000000100000000000000001100000000000000100000000000000001
164 0000000000000000000000000011111100000000001111100000000000111101000000000011110000000000001110110000000000111010000000000011100100000000001110000000000000110111000000000011011000000000001101010000000000110100000000000011001100000000001100100000000000110001
163 0000000000110000000000000010111100000000001011100000000000101101000000000010110000000000001010110000000000101010000000000010100100000000001010000000000000100111000000000010011000000000001001010000000000100100000000000010001100000000001000100000000000100001
162 0000000000100000000000000001111100000000000111100000000000011101000000000001110000000000000110110000000000011010000000000001100100000000000110000000000000010111000000000001011000000000000101010000000000010100000000000001001100000000000100100000000000010001
161 0000000000010000000000000000111100000000000011100000000000001101000000000000110000000000000010110000000000001010000000000000100100000000000010000000000000000111000000000000011000000000000001010000000000000100000000000000001100000000000000100000000000000001
160 0000000000000000000000000011111100000000001111100000000000111101000000000011110000000000001110110000000000111010000000000011100100000000001110000000000000110111000000000011011000000000001101010000000000110100000000000011001100000000001100100000000000110001
159 0000000000110000000000000010111100000000001011100000000000101101000000000010110000000000001010110000000000101010000000000010100100000000001010000000000000100111000000000010011000000000001001010000000000100100000000000010001100000000001000100000000000100001
158 0000000000100000000000000001111100000000000111100000000000011101000000000001110000000000000110110000000000011010000000000001100100000000000110000000000000010111000000000001011000000000000101010000000000010100000000000001001100000000000100100000000000010001
157 0000000000010000000000000000111100000000000011100000000000001101000000000000110000000000000010110000000000001010000000000000100100000000000010000000000000000111000000000000011000000000000001010000000000000100000000000000001100000000000000100000000000000001
156 0000000000000000000000000011111100000000001111100000000000111101000000000011110000000000001110110000000000111010000000000011100100000000001110000000000000110111000000000011011000000000001101010000000000110100000000000011001100000000001100100000000000110001
155 0000000000110000000000000010111100000000001011100000000000101101000000000010110000000000001010110000000000101010000000000010100100000000001010000000000000100111000000000010011000000000001001010000000000100100000000000010001100000000001000100000000000100001
154 0000000000100000000000000001111100000000000111100000000000011101000000000001110000000000000110110000000000011010000000000001100100000000000110000000000000010111000000000001011000000000000101010000000000010100000000000001001100000000000100100000000000010001
153 0000000000010000000000000000111100000000000011100000000000001101000000000000110000000000000010110000000000001010000000000000100100000000000010000000000000000111000000000000011000000000000001010000000000000100000000000000001100000000000000100000000000000001
152 0000000000000000000000000011111100000000001111100000000000111101000000000011110000000000001110110000000000111010000000000011100100000000001110000000000000110111000000000011011000000000001101010000000000110100000000000011001100000000001100100000000000110001
151 0000000000110000000000000010111100000000001011100000000000101101000000000010110000000000001010110000000000101010000000000010100100000000001010000000000000100111000000000010011000000000001001010000000000100100000000000010001100000000001000100000000000100001
150 0000000000100000000000000001111100000000000111100000000000011101000000000001110000000000000110110000000000011010000000000001100100000000000110000000000000010111000000000001011000000000000101010000000000010100000000000001001100000000000100100000000000010001
149 0000000000010000000000000000111100000000000011100000000000001101000000000000110000000000000010110000000000001010000000000000100100000000000010000000000000000111000000000000011000000000000001010000000000000100000000000000001100000000000000100000000000000001
148 0000000000000000000000000011111100000000001111100000000000111101000000000011110000000000001110110000000000111010000000000011100100000000001110000000000000110111000000000011011000000000001101010000000000110100000000000011001100000000001100100000000000110001
147 0000000000110000000000000010111100000000001011100000000000101101000000000010110000000000001010110000000000101010000000000010100100000000001010000000000000100111000000000010011000000000001001010000000000100100000000000010001100000000001000100000000000100001
146 0000000000100000000000000001111100000000000111100000000000011101000000000001110000000000000110110000000000011010000000000001100100000000000110000000000000010111000000000001011000000000000101010000000000010100000000000001001100000000000100100000000000010001
145 0000000000010000000000000000111100000000000011100000000000001101000000000000110000000000000010110000000000001010000000000000100100000000000010000000000000000111000000000000011000000000000001010000000000000100000000000000001100000000000000100000000000000001
144 0000000000000000000000000011111100000000001111100000000000111101000000000011110000000000001110110000000000111010000000000011100100000000001110000000000000110111000000000011011000000000001101010000000000110100000000000011001100000000001100100000000000110001
143 0000000000110000000000000010111100000000001011100000000000101101000000000010110000000000001010110000000000101010000000000010100100000000001010000000000000100111000000000010011000000000001001010000000000100100000000000010001100000000001000100000000000100001
142 0000000000100000000000000001111100000000000111100000000000011101000000000001110000000000000110110000000000011010000000000001100100000000000110000000000000010111000000000001011000000000000101010000000000010100000000000001001100000000000100100000000000010001
141 0000000000010000000000000000111100000000000011100000000000001101000000000000110000000000000010110000000000001010000000000000100100000000000010000000000000000111000000000000011000000000000001010000000000000100000000000000001100000000000000100000000000000001
140 0000000000000000000000000011111100000000001111100000000000111101000000000011110000000000001110110000000000111010000000000011100100000000001110000000000000110111000000000011011000000000001101010000000000110100000000000011001100000000001100100000000000110001
139 0000000000110000000000000010111100000000001011100000000000101101000000000010110000000000001010110000000000101010000000000010100100000000001010000000000000100111000000000010011000000000001001010000000000100100000000000010001100000000001000100000000000100001
138 0000000000100000000000000001111100000000000111100000000000011101000000000001110000000000000110110000000000011010000000000001100100000000000110000000000000010111000000000001011000000000000101010000000000010100000000000001001100000000000100100000000000010001
137 0000000000010000000000000000111100000000000011100000000000001101000000000000110000000000000010110000000000001010000000000000100100000000000010000000000000000111000000000000011000000000000001010000000000000100000000000000001100000000000000100000000000000001
136 0000000000000000000000000011111100000000001111100000000000111101000000000011110000000000001110110000000000111010000000000011100100000000001110000000000000110111000000000011011000000000001101010000000000110100000000000011001100000000001100100000000000110001
135 0000000000110000000000000010111100000000001011100000000000101101000000000010110000000000001010110000000000101010000000000010100100000000001010000000000000100111000000000010011000000000001001010000000000100100000000000010001100000000001000100000000000100001
134 0000000000100000000000000001111100000000000111100000000000011101000000000001110000000000000110110000000000011010000000000001100100000000000110000000000000010111000000000001011000000000000101010000000000010100000000000001001100000000000100100000000000010001
133 0000000000010000000000000000111100000000000011100000000000001101000000000000110000000000000010110000000000001010000000000000100100000000000010000000000000000111000000000000011000000000000001010000000000000100000000000000001100000000000000100000000000000001
132 0000000000000000000000000011111100000000001111100000000000111101000000000011110000000000001110110000000000111010000000000011100100000000001110000000000000110111000000000011011000000000001101010000000000110100000000000011001100000000001100100000000000110001
131 0000000000110000000000000010111100000000001011100000000000101101000000000010110000000000001010110000000000101010000000000010100100000000001010000000000000100111000000000010011000000000001001010000000000100100000000000010001100000000001000100000000000100001
130 0000000000100000000000000001111100000000000111100000000000011101000000000001110000000000000110110000000000011010000000000001100100000000000110000000000000010111000000000001011000000000000101010000000000010100000000000001001100000000000100100000000000010001
129 0000000000010000000000000000111100000000000011100000000000001101000000000000110000000000000010110000000000001010000000000000100100000000000010000000000000000111000000000000011000000000000001010000000000000100000000000000001100000000000000100000000000000001
128 0000000000000000000000000011111100000000001111100000000000111101000000000011110000000000001110110000000000111010000000000011100100000000001110000000000000110111000000000011011000000000001101010000000000110100000000000011001100000000001100100000000000110001
127 0000000000110000000000000010111100000000001011100000000000101101000000000010110000000000001010110000000000101010000000000010100100000000001010000000000000100111000000000010011000000000001001010000000000100100000000000010001100000000001000100000000000100001
58 0000000000100000000000000001111100000000000111100000000000011101000000000001110000000000000110110000000000011010000000000001100100000000000110000000000000010111000000000001011000000000000101010000000000010100000000000001001100000000000100100000000000010001
57 0000000000010000000000000000111100000000000011100000000000001101000000000000110000000000000010110000000000001010000000000000100100000000000010000000000000000111000000000000011000000000000001010000000000000100000000000000001100000000000000100000000000000001
56 0000000000000000000000000011111100000000001111100000000000111101000000000011110000000000001110110000000000111010000000000011100100000000001110000000000000110111000000000011011000000000001101010000000000110100000000000011001100000000001100100000000000110001
55 0000000000110000000000000010111100000000001011100000000000101101000000000010110000000000001010110000000000101010000000000010100100000000001010000000000000100111000000000010011000000000001001010000000000100100000000000010001100000000001000100000000000100001
54 0000000000100000000000000001111100000000000111100000000000011101000000000001110000000000000110110000000000011010000000000001100100000000000110000000000000010111000000000001011000000000000101010000000000010100000000000001001100000000000100100000000000010001
53 0000000000010000000000000000111100000000000011100000000000001101000000000000110000000000000010110000000000001010000000000000100100000000000010000000000000000111000000000000011000000000000001010000000000000100000000000000001100000000000000100000000000000001
52 0000000000000000000000000011111100000000001111100000000000111101000000000011110000000000001110110000000000111010000000000011100100000000001110000000000000110111000000000011011000000000001101010000000000110100000000000011001100000000001100100000000000110001
51 0000000000110000000000000010111100000000001011100000000000101101000000000010110000000000001010110000000000101010000000000010100100000000001010000000000000100111000000000010011000000000001001010000000000100100000000000010001100000000001000100000000000100001
50 0000000000100000000000000001111100000000000111100000000000011101000000000001110000000000000110110000000000011010000000000001100100000000000110000000000000010111000000000001011000000000000101010000000000010100000000000001001100000000000100100000000000010001
49 0000000000010000000000000000111100000000000011100000000000001101000000000000110000000000000010110000000000001010000000000000100100000000000010000000000000000111000000000000011000000000000001010000000000000100000000000000001100000000000000100000000000000001
48 0000000000000000000000000011111100000000001111100000000000111101000000000011110000000000001110110000000000111010000000000011100100000000001110000000000000110111000000000011011000000000001101010000000000110100000000000011001100000000001100100000000000110001
47 0000000000110000000000000010111100000000001011100000000000101101000000000010110000000000001010110000000000101010000000000010100100000000001010000000000000100111000000000010011000000000001001010000000000100100000000000010001100000000001000100000000000100001
46 0000000000100000000000000001111100000000000111100000000000011101000000000001110000000000000110110000000000011010000000000001100100000000000110000000000000010111000000000001011000000000000101010000000000010100000000000001001100000000000100100000000000010001
45 0000000000010000000000000000111100000000000011100000000000001101000000000000110000000000000010110000000000001010000000000000100100000000000010000000000000000111000000000000011000000000000001010000000000000100000000000000001100000000000000100000000000000001
44 0000000000000000000000000011111100000000001111100000000000111101000000000011110000000000001110110000000000111010000000000011100100000000001110000000000000110111000000000011011000000000001101010000000000110100000000000011001100000000001100100000000000110001
43 0000000000110000000000000010111100000000001011100000000000101101000000000010110000000000001010110000000000101010000000000010100100000000001010000000000000100111000000000010011000000000001001010000000000100100000000000010001100000000001000100000000000100001
42 0000000000100000000000000001111100000000000111100000000000011101000000000001110000000000000110110000000000011010000000000001100100000000000110000000000000010111000000000001011000000000000101010000000000010100000000000001001100000000000100100000000000010001
41 0000000000010000000000000000111100000000000011100000000000001101000000000000110000000000000010110000000000001010000000000000100100000000000010000000000000000111000000000000011000000000000001010000000000000100000000000000001100000000000000100000000000000001
40 0000000000000000000000000011111100000000001111100000000000111101000000000011110000000000001110110000000000111010000000000011100100000000001110000000000000110111000000000011011000000000001101010000000000110100000000000011001100000000001100100000000000110001
39 0000000000110000000000000010111100000000001011100000000000101101000000000010110000000000001010110000000000101010000000000010100100000000001010000000000000100111000000000010011000000000001001010000000000100100000000000010001100000000001000100000000000100001
38 0000000000100000000000000001111100000000000111100000000000011101000000000001110000000000000110110000000000011010000000000001100100000000000110000000000000010111000000000001011000000000000101010000000000010100000000000001001100000000000100100000000000010001
37 0000000000010000000000000000111100000000000011100000000000001101000000000000110000000000000010110000000000001010000000000000100100000000000010000000000000000111000000000000011000000000000001010000000000000100000000000000001100000000000000100000000000000001
36 0000000000000000000000000011111100000000001111100000000000111101000000000011110000000000001110110000000000111010000000000011100100000000001110000000000000110111000000000011011000000000001101010000000000110100000000000011001100000000001100100000000000110001
35 0000000000110000000000000010111100000000001011100000000000101101000000000010110000000000001010110000000000101010000000000010100100000000001010000000000000100111000000000010011000000000001001010000000000100100000000000010001100000000001000100000000000100001
34 0000000000100000000000000001111100000000000111100000000000011101000000000001110000000000000110110000000000011010000000000001100100000000000110000000000000010111000000000001011000000000000101010000000000010100000000000001001100000000000100100000000000010001
33 0000000000010000000000000000111100000000000011100000000000001101000000000000110000000000000010110000000000001010000000000000100100000000000010000000000000000111000000000000011000000000000001010000000000000100000000000000001100000000000000100000000000000001
32 0000000000000000000000000011111100000000001111100000000000111101000000000011110000000000001110110000000000111010000000000011100100000000001110000000000000110111000000000011011000000000001101010000000000110100000000000011001100000000001100100000000000110001
31 0000000000110000000000000010111100000000001011100000000000101101000000000010110000000000001010110000000000101010000000000010100100000000001010000000000000100111000000000010011000000000001001010000000000100100000000000010001100000000001000100000000000100001
30 0000000000100000000000000001111100000000000111100000000000011101000000000001110000000000000110110000000000011010000000000001100100000000000110000000000000010111000000000001011000000000000101010000000000010100000000000001001100000000000100100000000000010001
29 0000000000010000000000000000111100000000000011100000000000001101000000000000110000000000000010110000000000001010000000000000100100000000000010000000000000000111000000000000011000000000000001010000000000000100000000000000001100000000000000100000000000000001
12 0000000000000000000000000011111100000000001111100000000000111101000000000011110000000000001110110000000000111010000000000011100100000000001110000000000000110111000000000011011000000000001101010000000000110100000000000011001100000000001100100000000000110001
11 0000000000110000000000000010111100000000001011100000000000101101000000000010110000000000001010110000000000101010000000000010100100000000001010000000000000100111000000000010011000000000001001010000000000100100000000000010001100000000001000100000000000100001
10 0000000000100000000000000001111100000000000111100000000000011101000000000001110000000000000110110000000000011010000000000001100100000000000110000000000000010111000000000001011000000000000101010000000000010100000000000001001100000000000100100000000000010001
9 0000000000010000000000000000111100000000000011100000000000001101000000000000110000000000000010110000000000001010000000000000100100000000000010000000000000000111000000000000011000000000000001010000000000000100000000000000001100000000000000100000000000000001
8 0000000000000000000000000011111100000000001111100000000000111101000000000011110000000000001110110000000000111010000000000011100100000000001110000000000000110111000000000011011000000000001101010000000000110100000000000011001100000000001100100000000000110001
7 0000000000110000000000000010111100000000001011100000000000101101000000000010110000000000001010110000000000101010000000000010100100000000001010000000000000100111000000000010011000000000001001010000000000100100000000000010001100000000001000100000000000100001
6 0000000000100000000000000001111100000000000111100000000000011101000000000001110000000000000110110000000000011010000000000001100100000000000110000000000000010111000000000001011000000000000101010000000000010100000000000001001100000000000100100000000000010001
5 0000000000010000000000000000111100000000000011100000000000001101000000000000110000000000000010110000000000001010000000000000100100000000000010000000000000000111000000000000011000000000000001010000000000000100000000000000001100000000000000100000000000000001
4 0000000000000000000000000011111100000000001111100000000000111101000000000011110000000000001110110000000000111010000000000011100100000000001110000000000000110111000000000011011000000000001101010000000000110100000000000011001100000000001100100000000000110001
3 0000000000110000000000000010111100000000001011100000000000101101000000000010110000000000001010110000000000101010000000000010100100000000001010000000000000100111000000000010011000000000001001010000000000100100000000000010001100000000001000100000000000100001
2 0000000000100000000000000001111100000000000111100000000000011101000000000001110000000000000110110000000000011010000000000001100100000000000110000000000000010111000000000001011000000000000101010000000000010100000000000001001100000000000100100000000000010001
1 0000000000010000000000000000111100000000000011100000000000001101000000000000110000000000000010110000000000001010000000000000100100000000000010000000000000000111000000000000011000000000000001010000000000000100000000000000001100000000000000100000000000000001
0 0000000000000001000000000000000100000000000000010000000000000001000000000000000100000000000000010000000000000001000000000000000100000000000000010000000000000001000000000000000100000000000000010000000000000001000000000000000100000000000000010000000000000001
13 0000000000010000000000000000111100000000000011100000000000001101000000000000110000000000000010110000000000001010000000000000100100000000000010000000000000000111000000000000011000000000000001010000000000000100000000000000001100000000000000100000000000000001
14 0000000000100000000000000001111100000000000111100000000000011101000000000001110000000000000110110000000000011010000000000001100100000000000110000000000000010111000000000001011000000000000101010000000000010100000000000001001100000000000100100000000000010001
15 0000000000110000000000000010111100000000001011100000000000101101000000000010110000000000001010110000000000101010000000000010100100000000001010000000000000100111000000000010011000000000001001010000000000100100000000000010001100000000001000100000000000100001
16 0000000000000000000000000011111100000000001111100000000000111101000000000011110000000000001110110000000000111010000000000011100100000000001110000000000000110111000000000011011000000000001101010000000000110100000000000011001100000000001100100000000000110001
17 0000000000010000000000000000111100000000000011100000000000001101000000000000110000000000000010110000000000001010000000000000100100000000000010000000000000000111000000000000011000000000000001010000000000000100000000000000001100000000000000100000000000000001
18 0000000000100000000000000001111100000000000111100000000000011101000000000001110000000000000110110000000000011010000000000001100100000000000110000000000000010111000000000001011000000000000101010000000000010100000000000001001100000000000100100000000000010001
19 0000000000110000000000000010111100000000001011100000000000101101000000000010110000000000001010110000000000101010000000000010100100000000001010000000000000100111000000000010011000000000001001010000000000100100000000000010001100000000001000100000000000100001
20 0000000000000000000000000011111100000000001111100000000000111101000000000011110000000000001110110000000000111010000000000011100100000000001110000000000000110111000000000011011000000000001101010000000000110100000000000011001100000000001100100000000000110001
21 0000000000010000000000000000111100000000000011100000000000001101000000000000110000000000000010110000000000001010000000000000100100000000000010000000000000000111000000000000011000000000000001010000000000000100000000000000001100000000000000100000000000000001
22 0000000000100000000000000001111100000000000111100000000000011101000000000001110000000000000110110000000000011010000000000001100100000000000110000000000000010111000000000001011000000000000101010000000000010100000000000001001100000000000100100000000000010001
23 0000000000110000000000000010111100000000001011100000000000101101000000000010110000000000001010110000000000101010000000000010100100000000001010000000000000100111000000000010011000000000001001010000000000100100000000000010001100000000001000100000000000100001
24 0000000000000000000000000011111100000000001111100000000000111101000000000011110000000000001110110000000000111010000000000011100100000000001110000000000000110111000000000011011000000000001101010000000000110100000000000011001100000000001100100000000000110001
25 0000000000010000000000000000111100000000000011100000000000001101000000000000110000000000000010110000000000001010000000000000100100000000000010000000000000000111000000000000011000000000000001010000000000000100000000000000001100000000000000100000000000000001
26 0000000000100000000000000001111100000000000111100000000000011101000000000001110000000000000110110000000000011010000000000001100100000000000110000000000000010111000000000001011000000000000101010000000000010100000000000001001100000000000100100000000000010001
27 0000000000110000000000000010111100000000001011100000000000101101000000000010110000000000001010110000000000101010000000000010100100000000001010000000000000100111000000000010011000000000001001010000000000100100000000000010001100000000001000100000000000100001
28 0000000000000000000000000011111100000000001111100000000000111101000000000011110000000000001110110000000000111010000000000011100100000000001110000000000000110111000000000011011000000000001101010000000000110100000000000011001100000000001100100000000000110001
59 0000000000110000000000000010111100000000001011100000000000101101000000000010110000000000001010110000000000101010000000000010100100000000001010000000000000100111000000000010011000000000001001010000000000100100000000000010001100000000001000100000000000100001
60 0000000000000000000000000011111100000000001111100000000000111101000000000011110000000000001110110000000000111010000000000011100100000000001110000000000000110111000000000011011000000000001101010000000000110100000000000011001100000000001100100000000000110001
61 0000000000010000000000000000111100000000000011100000000000001101000000000000110000000000000010110000000000001010000000000000100100000000000010000000000000000111000000000000011000000000000001010000000000000100000000000000001100000000000000100000000000000001
62 0000000000100000000000000001111100000000000111100000000000011101000000000001110000000000000110110000000000011010000000000001100100000000000110000000000000010111000000000001011000000000000101010000000000010100000000000001001100000000000100100000000000010001
63 0000000000110000000000000010111100000000001011100000000000101101000000000010110000000000001010110000000000101010000000000010100100000000001010000000000000100111000000000010011000000000001001010000000000100100000000000010001100000000001000100000000000100001
64 0000000000000000000000000011111100000000001111100000000000111101000000000011110000000000001110110000000000111010000000000011100100000000001110000000000000110111000000000011011000000000001101010000000000110100000000000011001100000000001100100000000000110001
65 0000000000010000000000000000111100000000000011100000000000001101000000000000110000000000000010110000000000001010000000000000100100000000000010000000000000000111000000000000011000000000000001010000000000000100000000000000001100000000000000100000000000000001
66 0000000000100000000000000001111100000000000111100000000000011101000000000001110000000000000110110000000000011010000000000001100100000000000110000000000000010111000000000001011000000000000101010000000000010100000000000001001100000000000100100000000000010001
67 0000000000110000000000000010111100000000001011100000000000101101000000000010110000000000001010110000000000101010000000000010100100000000001010000000000000100111000000000010011000000000001001010000000000100100000000000010001100000000001000100000000000100001
68 0000000000000000000000000011111100000000001111100000000000111101000000000011110000000000001110110000000000111010000000000011100100000000001110000000000000110111000000000011011000000000001101010000000000110100000000000011001100000000001100100000000000110001
69 0000000000010000000000000000111100000000000011100000000000001101000000000000110000000000000010110000000000001010000000000000100100000000000010000000000000000111000000000000011000000000000001010000000000000100000000000000001100000000000000100000000000000001
70 0000000000100000000000000001111100000000000111100000000000011101000000000001110000000000000110110000000000011010000000000001100100000000000110000000000000010111000000000001011000000000000101010000000000010100000000000001001100000000000100100000000000010001
71 0000000000110000000000000010111100000000001011100000000000101101000000000010110000000000001010110000000000101010000000000010100100000000001010000000000000100111000000000010011000000000001001010000000000100100000000000010001100000000001000100000000000100001
72 0000000000000000000000000011111100000000001111100000000000111101000000000011110000000000001110110000000000111010000000000011100100000000001110000000000000110111000000000011011000000000001101010000000000110100000000000011001100000000001100100000000000110001
73 0000000000010000000000000000111100000000000011100000000000001101000000000000110000000000000010110000000000001010000000000000100100000000000010000000000000000111000000000000011000000000000001010000000000000100000000000000001100000000000000100000000000000001
74 0000000000100000000000000001111100000000000111100000000000011101000000000001110000000000000110110000000000011010000000000001100100000000000110000000000000010111000000000001011000000000000101010000000000010100000000000001001100000000000100100000000000010001
75 0000000000110000000000000010111100000000001011100000000000101101000000000010110000000000001010110000000000101010000000000010100100000000001010000000000000100111000000000010011000000000001001010000000000100100000000000010001100000000001000100000000000100001
76 0000000000000000000000000011111100000000001111100000000000111101000000000011110000000000001110110000000000111010000000000011100100000000001110000000000000110111000000000011011000000000001101010000000000110100000000000011001100000000001100100000000000110001
77 0000000000010000000000000000111100000000000011100000000000001101000000000000110000000000000010110000000000001010000000000000100100000000000010000000000000000111000000000000011000000000000001010000000000000100000000000000001100000000000000100000000000000001
78 0000000000100000000000000001111100000000000111100000000000011101000000000001110000000000000110110000000000011010000000000001100100000000000110000000000000010111000000000001011000000000000101010000000000010100000000000001001100000000000100100000000000010001
79 0000000000110000000000000010111100000000001011100000000000101101000000000010110000000000001010110000000000101010000000000010100100000000001010000000000000100111000000000010011000000000001001010000000000100100000000000010001100000000001000100000000000100001
80 0000000000000000000000000011111100000000001111100000000000111101000000000011110000000000001110110000000000111010000000000011100100000000001110000000000000110111000000000011011000000000001101010000000000110100000000000011001100000000001100100000000000110001
81 0000000000010000000000000000111100000000000011100000000000001101000000000000110000000000000010110000000000001010000000000000100100000000000010000000000000000111000000000000011000000000000001010000000000000100000000000000001100000000000000100000000000000001
82 0000000000100000000000000001111100000000000111100000000000011101000000000001110000000000000110110000000000011010000000000001100100000000000110000000000000010111000000000001011000000000000101010000000000010100000000000001001100000000000100100000000000010001
83 0000000000110000000000000010111100000000001011100000000000101101000000000010110000000000001010110000000000101010000000000010100100000000001010000000000000100111000000000010011000000000001001010000000000100100000000000010001100000000001000100000000000100001
84 0000000000000000000000000011111100000000001111100000000000111101000000000011110000000000001110110000000000111010000000000011100100000000001110000000000000110111000000000011011000000000001101010000000000110100000000000011001100000000001100100000000000110001
85 0000000000010000000000000000111100000000000011100000000000001101000000000000110000000000000010110000000000001010000000000000100100000000000010000000000000000111000000000000011000000000000001010000000000000100000000000000001100000000000000100000000000000001
86 0000000000100000000000000001111100000000000111100000000000011101000000000001110000000000000110110000000000011010000000000001100100000000000110000000000000010111000000000001011000000000000101010000000000010100000000000001001100000000000100100000000000010001
87 0000000000110000000000000010111100000000001011100000000000101101000000000010110000000000001010110000000000101010000000000010100100000000001010000000000000100111000000000010011000000000001001010000000000100100000000000010001100000000001000100000000000100001
88 0000000000000000000000000011111100000000001111100000000000111101000000000011110000000000001110110000000000111010000000000011100100000000001110000000000000110111000000000011011000000000001101010000000000110100000000000011001100000000001100100000000000110001
89 0000000000010000000000000000111100000000000011100000000000001101000000000000110000000000000010110000000000001010000000000000100100000000000010000000000000000111000000000000011000000000000001010000000000000100000000000000001100000000000000100000000000000001
90 0000000000100000000000000001111100000000000111100000000000011101000000000001110000000000000110110000000000011010000000000001100100000000000110000000000000010111000000000001011000000000000101010000000000010100000000000001001100000000000100100000000000010001
91 0000000000110000000000000010111100000000001011100000000000101101000000000010110000000000001010110000000000101010000000000010100100000000001010000000000000100111000000000010011000000000001001010000000000100100000000000010001100000000001000100000000000100001
92 0000000000000000000000000011111100000000001111100000000000111101000000000011110000000000001110110000000000111010000000000011100100000000001110000000000000110111000000000011011000000000001101010000000000110100000000000011001100000000001100100000000000110001
93 0000000000010000000000000000111100000000000011100000000000001101000000000000110000000000000010110000000000001010000000000000100100000000000010000000000000000111000000000000011000000000000001010000000000000100000000000000001100000000000000100000000000000001
94 0000000000100000000000000001111100000000000111100000000000011101000000000001110000000000000110110000000000011010000000000001100100000000000110000000000000010111000000000001011000000000000101010000000000010100000000000001001100000000000100100000000000010001
95 0000000000110000000000000010111100000000001011100000000000101101000000000010110000000000001010110000000000101010000000000010100100000000001010000000000000100111000000000010011000000000001001010000000000100100000000000010001100000000001000100000000000100001
96 0000000000000000000000000011111100000000001111100000000000111101000000000011110000000000001110110000000000111010000000000011100100000000001110000000000000110111000000000011011000000000001101010000000000110100000000000011001100000000001100100000000000110001
97 0000000000010000000000000000111100000000000011100000000000001101000000000000110000000000000010110000000000001010000000000000100100000000000010000000000000000111000000000000011000000000000001010000000000000100000000000000001100000000000000100000000000000001
98 0000000000100000000000000001111100000000000111100000000000011101000000000001110000000000000110110000000000011010000000000001100100000000000110000000000000010111000000000001011000000000000101010000000000010100000000000001001100000000000100100000000000010001
99 0000000000110000000000000010111100000000001011100000000000101101000000000010110000000000001010110000000000101010000000000010100100000000001010000000000000100111000000000010011000000000001001010000000000100100000000000010001100000000001000100000000000100001
100 0000000000000000000000000011111100000000001111100000000000111101000000000011110000000000001110110000000000111010000000000011100100000000001110000000000000110111000000000011011000000000001101010000000000110100000000000011001100000000001100100000000000110001
101 0000000000010000000000000000111100000000000011100000000000001101000000000000110000000000000010110000000000001010000000000000100100000000000010000000000000000111000000000000011000000000000001010000000000000100000000000000001100000000000000100000000000000001
102 0000000000100000000000000001111100000000000111100000000000011101000000000001110000000000000110110000000000011010000000000001100100000000000110000000000000010111000000000001011000000000000101010000000000010100000000000001001100000000000100100000000000010001
103 0000000000110000000000000010111100000000001011100000000000101101000000000010110000000000001010110000000000101010000000000010100100000000001010000000000000100111000000000010011000000000001001010000000000100100000000000010001100000000001000100000000000100001
104 0000000000000000000000000011111100000000001111100000000000111101000000000011110000000000001110110000000000111010000000000011100100000000001110000000000000110111000000000011011000000000001101010000000000110100000000000011001100000000001100100000000000110001
105 0000000000010000000000000000111100000000000011100000000000001101000000000000110000000000000010110000000000001010000000000000100100000000000010000000000000000111000000000000011000000000000001010000000000000100000000000000001100000000000000100000000000000001
106 0000000000100000000000000001111100000000000111100000000000011101000000000001110000000000000110110000000000011010000000000001100100000000000110000000000000010111000000000001011000000000000101010000000000010100000000000001001100000000000100100000000000010001
107 0000000000110000000000000010111100000000001011100000000000101101000000000010110000000000001010110000000000101010000000000010100100000000001010000000000000100111000000000010011000000000001001010000000000100100000000000010001100000000001000100000000000100001
108 0000000000000000000000000011111100000000001111100000000000111101000000000011110000000000001110110000000000111010000000000011100100000000001110000000000000110111000000000011011000000000001101010000000000110100000000000011001100000000001100100000000000110001
109 0000000000010000000000000000111100000000000011100000000000001101000000000000110000000000000010110000000000001010000000000000100100000000000010000000000000000111000000000000011000000000000001010000000000000100000000000000001100000000000000100000000000000001
110 0000000000100000000000000001111100000000000111100000000000011101000000000001110000000000000110110000000000011010000000000001100100000000000110000000000000010111000000000001011000000000000101010000000000010100000000000001001100000000000100100000000000010001
111 0000000000110000000000000010111100000000001011100000000000101101000000000010110000000000001010110000000000101010000000000010100100000000001010000000000000100111000000000010011000000000001001010000000000100100000000000010001100000000001000100000000000100001
112 0000000000000000000000000011111100000000001111100000000000111101000000000011110000000000001110110000000000111010000000000011100100000000001110000000000000110111000000000011011000000000001101010000000000110100000000000011001100000000001100100000000000110001
113 0000000000010000000000000000111100000000000011100000000000001101000000000000110000000000000010110000000000001010000000000000100100000000000010000000000000000111000000000000011000000000000001010000000000000100000000000000001100000000000000100000000000000001
114 0000000000100000000000000001111100000000000111100000000000011101000000000001110000000000000110110000000000011010000000000001100100000000000110000000000000010111000000000001011000000000000101010000000000010100000000000001001100000000000100100000000000010001
115 0000000000110000000000000010111100000000001011100000000000101101000000000010110000000000001010110000000000101010000000000010100100000000001010000000000000100111000000000010011000000000001001010000000000100100000000000010001100000000001000100000000000100001
116 0000000000000000000000000011111100000000001111100000000000111101000000000011110000000000001110110000000000111010000000000011100100000000001110000000000000110111000000000011011000000000001101010000000000110100000000000011001100000000001100100000000000110001
117 0000000000010000000000000000111100000000000011100000000000001101000000000000110000000000000010110000000000001010000000000000100100000000000010000000000000000111000000000000011000000000000001010000000000000100000000000000001100000000000000100000000000000001
118 0000000000100000000000000001111100000000000111100000000000011101000000000001110000000000000110110000000000011010000000000001100100000000000110000000000000010111000000000001011000000000000101010000000000010100000000000001001100000000000100100000000000010001
119 0000000000110000000000000010111100000000001011100000000000101101000000000010110000000000001010110000000000101010000000000010100100000000001010000000000000100111000000000010011000000000001001010000000000100100000000000010001100000000001000100000000000100001
120 0000000000000000000000000011111100000000001111100000000000111101000000000011110000000000001110110000000000111010000000000011100100000000001110000000000000110111000000000011011000000000001101010000000000110100000000000011001100000000001100100000000000110001
121 0000000000010000000000000000111100000000000011100000000000001101000000000000110000000000000010110000000000001010000000000000100100000000000010000000000000000111000000000000011000000000000001010000000000000100000000000000001100000000000000100000000000000001
122 0000000000100000000000000001111100000000000111100000000000011101000000000001110000000000000110110000000000011010000000000001100100000000000110000000000000010111000000000001011000000000000101010000000000010100000000000001001100000000000100100000000000010001
123 0000000000110000000000000010111100000000001011100000000000101101000000000010110000000000001010110000000000101010000000000010100100000000001010000000000000100111000000000010011000000000001001010000000000100100000000000010001100000000001000100000000000100001
124 0000000000000000000000000011111100000000001111100000000000111101000000000011110000000000001110110000000000111010000000000011100100000000001110000000000000110111000000000011011000000000001101010000000000110100000000000011001100000000001100100000000000110001
125 0000000000010000000000000000111100000000000011100000000000001101000000000000110000000000000010110000000000001010000000000000100100000000000010000000000000000111000000000000011000000000000001010000000000000100000000000000001100000000000000100000000000000001
126 0000000000100000000000000001111100000000000111100000000000011101000000000001110000000000000110110000000000011010000000000001100100000000000110000000000000010111000000000001011000000000000101010000000000010100000000000001001100000000000100100000000000010001
