0 0000000010011001000000001001000000000000100001110000000001111110000000000111010100000000011011000000000001100011000000000101101000000000010100010000000001001000000000000011111100000000001101100000000000101101000000000010010000000000000110110000000000010010
1 0000000100101001000000010010000000000001000101110000000100001110000000010000010100000000111111000000000011110011000000001110101000000000111000010000000011011000000000001100111100000000110001100000000010111101000000001011010000000000101010110000000010100010
2 0000000110111001000000011011000000000001101001110000000110011110000000011001010100000001100011000000000110000011000000010111101000000001011100010000000101101000000000010101111100000001010101100000000101001101000000010100010000000001001110110000000100110010
3 0000000000000000000000000000000000000000000000000000000000000000000000000000000000000000000000000000000000000000000000000000000000000000000000000000000000000000000000000000000000000000000000000000000111011101000000011101010000000001110010110000000111000010
4 0000000010011001000000001001000000000000100001110000000001111110000000000111010100000000011011000000000001100011000000000101101000000000010100010000000001001000000000000011111100000000001101100000000000101101000000000010010000000000000110110000000000010010
5 0000000100101001000000010010000000000001000101110000000100001110000000010000010100000000111111000000000011110011000000001110101000000000111000010000000011011000000000001100111100000000110001100000000010111101000000001011010000000000101010110000000010100010
6 0000000110111001000000011011000000000001101001110000000110011110000000011001010100000001100011000000000110000011000000010111101000000001011100010000000101101000000000010101111100000001010101100000000101001101000000010100010000000001001110110000000100110010
7 0000000000000000000000000000000000000000000000000000000000000000000000000000000000000000000000000000000000000000000000000000000000000000000000000000000000000000000000000000000000000000000000000000000111011101000000011101010000000001110010110000000111000010
8 0000000010011001000000001001000000000000100001110000000001111110000000000111010100000000011011000000000001100011000000000101101000000000010100010000000001001000000000000011111100000000001101100000000000101101000000000010010000000000000110110000000000010010
9 0000000100101001000000010010000000000001000101110000000100001110000000010000010100000000111111000000000011110011000000001110101000000000111000010000000011011000000000001100111100000000110001100000000010111101000000001011010000000000101010110000000010100010
10 0000000110111001000000011011000000000001101001110000000110011110000000011001010100000001100011000000000110000011000000010111101000000001011100010000000101101000000000010101111100000001010101100000000101001101000000010100010000000001001110110000000100110010
11 0000000000000000000000000000000000000000000000000000000000000000000000000000000000000000000000000000000000000000000000000000000000000000000000000000000000000000000000000000000000000000000000000000000111011101000000011101010000000001110010110000000111000010
12 0000000010011001000000001001000000000000100001110000000001111110000000000111010100000000011011000000000001100011000000000101101000000000010100010000000001001000000000000011111100000000001101100000000000101101000000000010010000000000000110110000000000010010
13 0000000100101001000000010010000000000001000101110000000100001110000000010000010100000000111111000000000011110011000000001110101000000000111000010000000011011000000000001100111100000000110001100000000010111101000000001011010000000000101010110000000010100010
14 0000000110111001000000011011000000000001101001110000000110011110000000011001010100000001100011000000000110000011000000010111101000000001011100010000000101101000000000010101111100000001010101100000000101001101000000010100010000000001001110110000000100110010
15 0000000000000000000000000000000000000000000000000000000000000000000000000000000000000000000000000000000000000000000000000000000000000000000000000000000000000000000000000000000000000000000000000000000111011101000000011101010000000001110010110000000111000010
16 0000000010011001000000001001000000000000100001110000000001111110000000000111010100000000011011000000000001100011000000000101101000000000010100010000000001001000000000000011111100000000001101100000000000101101000000000010010000000000000110110000000000010010
17 0000000100101001000000010010000000000001000101110000000100001110000000010000010100000000111111000000000011110011000000001110101000000000111000010000000011011000000000001100111100000000110001100000000010111101000000001011010000000000101010110000000010100010
18 0000000110111001000000011011000000000001101001110000000110011110000000011001010100000001100011000000000110000011000000010111101000000001011100010000000101101000000000010101111100000001010101100000000101001101000000010100010000000001001110110000000100110010
19 0000000000000000000000000000000000000000000000000000000000000000000000000000000000000000000000000000000000000000000000000000000000000000000000000000000000000000000000000000000000000000000000000000000111011101000000011101010000000001110010110000000111000010
20 0000000010011001000000001001000000000000100001110000000001111110000000000111010100000000011011000000000001100011000000000101101000000000010100010000000001001000000000000011111100000000001101100000000000101101000000000010010000000000000110110000000000010010
21 0000000100101001000000010010000000000001000101110000000100001110000000010000010100000000111111000000000011110011000000001110101000000000111000010000000011011000000000001100111100000000110001100000000010111101000000001011010000000000101010110000000010100010
22 0000000110111001000000011011000000000001101001110000000110011110000000011001010100000001100011000000000110000011000000010111101000000001011100010000000101101000000000010101111100000001010101100000000101001101000000010100010000000001001110110000000100110010
23 0000000000000000000000000000000000000000000000000000000000000000000000000000000000000000000000000000000000000000000000000000000000000000000000000000000000000000000000000000000000000000000000000000000111011101000000011101010000000001110010110000000111000010
24 0000000010011001000000001001000000000000100001110000000001111110000000000111010100000000011011000000000001100011000000000101101000000000010100010000000001001000000000000011111100000000001101100000000000101101000000000010010000000000000110110000000000010010
25 0000000100101001000000010010000000000001000101110000000100001110000000010000010100000000111111000000000011110011000000001110101000000000111000010000000011011000000000001100111100000000110001100000000010111101000000001011010000000000101010110000000010100010
26 0000000110111001000000011011000000000001101001110000000110011110000000011001010100000001100011000000000110000011000000010111101000000001011100010000000101101000000000010101111100000001010101100000000101001101000000010100010000000001001110110000000100110010
27 0000000000000000000000000000000000000000000000000000000000000000000000000000000000000000000000000000000000000000000000000000000000000000000000000000000000000000000000000000000000000000000000000000000111011101000000011101010000000001110010110000000111000010
28 0000000010011001000000001001000000000000100001110000000001111110000000000111010100000000011011000000000001100011000000000101101000000000010100010000000001001000000000000011111100000000001101100000000000101101000000000010010000000000000110110000000000010010
29 0000000100101001000000010010000000000001000101110000000100001110000000010000010100000000111111000000000011110011000000001110101000000000111000010000000011011000000000001100111100000000110001100000000010111101000000001011010000000000101010110000000010100010
30 0000000110111001000000011011000000000001101001110000000110011110000000011001010100000001100011000000000110000011000000010111101000000001011100010000000101101000000000010101111100000001010101100000000101001101000000010100010000000001001110110000000100110010
31 0000000000000000000000000000000000000000000000000000000000000000000000000000000000000000000000000000000000000000000000000000000000000000000000000000000000000000000000000000000000000000000000000000000111011101000000011101010000000001110010110000000111000010
32 0000000010011001000000001001000000000000100001110000000001111110000000000111010100000000011011000000000001100011000000000101101000000000010100010000000001001000000000000011111100000000001101100000000000101101000000000010010000000000000110110000000000010010
33 0000000100101001000000010010000000000001000101110000000100001110000000010000010100000000111111000000000011110011000000001110101000000000111000010000000011011000000000001100111100000000110001100000000010111101000000001011010000000000101010110000000010100010
34 0000000110111001000000011011000000000001101001110000000110011110000000011001010100000001100011000000000110000011000000010111101000000001011100010000000101101000000000010101111100000001010101100000000101001101000000010100010000000001001110110000000100110010
35 0000000000000000000000000000000000000000000000000000000000000000000000000000000000000000000000000000000000000000000000000000000000000000000000000000000000000000000000000000000000000000000000000000000111011101000000011101010000000001110010110000000111000010
36 0000000010011001000000001001000000000000100001110000000001111110000000000111010100000000011011000000000001100011000000000101101000000000010100010000000001001000000000000011111100000000001101100000000000101101000000000010010000000000000110110000000000010010
37 0000000100101001000000010010000000000001000101110000000100001110000000010000010100000000111111000000000011110011000000001110101000000000111000010000000011011000000000001100111100000000110001100000000010111101000000001011010000000000101010110000000010100010
38 0000000110111001000000011011000000000001101001110000000110011110000000011001010100000001100011000000000110000011000000010111101000000001011100010000000101101000000000010101111100000001010101100000000101001101000000010100010000000001001110110000000100110010
39 0000000000000000000000000000000000000000000000000000000000000000000000000000000000000000000000000000000000000000000000000000000000000000000000000000000000000000000000000000000000000000000000000000000111011101000000011101010000000001110010110000000111000010
40 0000000010011001000000001001000000000000100001110000000001111110000000000111010100000000011011000000000001100011000000000101101000000000010100010000000001001000000000000011111100000000001101100000000000101101000000000010010000000000000110110000000000010010
41 0000000100101001000000010010000000000001000101110000000100001110000000010000010100000000111111000000000011110011000000001110101000000000111000010000000011011000000000001100111100000000110001100000000010111101000000001011010000000000101010110000000010100010
42 0000000110111001000000011011000000000001101001110000000110011110000000011001010100000001100011000000000110000011000000010111101000000001011100010000000101101000000000010101111100000001010101100000000101001101000000010100010000000001001110110000000100110010
43 0000000000000000000000000000000000000000000000000000000000000000000000000000000000000000000000000000000000000000000000000000000000000000000000000000000000000000000000000000000000000000000000000000000111011101000000011101010000000001110010110000000111000010
44 0000000010011001000000001001000000000000100001110000000001111110000000000111010100000000011011000000000001100011000000000101101000000000010100010000000001001000000000000011111100000000001101100000000000101101000000000010010000000000000110110000000000010010
45 0000000100101001000000010010000000000001000101110000000100001110000000010000010100000000111111000000000011110011000000001110101000000000111000010000000011011000000000001100111100000000110001100000000010111101000000001011010000000000101010110000000010100010
46 0000000110111001000000011011000000000001101001110000000110011110000000011001010100000001100011000000000110000011000000010111101000000001011100010000000101101000000000010101111100000001010101100000000101001101000000010100010000000001001110110000000100110010
47 0000000000000000000000000000000000000000000000000000000000000000000000000000000000000000000000000000000000000000000000000000000000000000000000000000000000000000000000000000000000000000000000000000000111011101000000011101010000000001110010110000000111000010
48 0000000010011001000000001001000000000000100001110000000001111110000000000111010100000000011011000000000001100011000000000101101000000000010100010000000001001000000000000011111100000000001101100000000000101101000000000010010000000000000110110000000000010010
49 0000000100101001000000010010000000000001000101110000000100001110000000010000010100000000111111000000000011110011000000001110101000000000111000010000000011011000000000001100111100000000110001100000000010111101000000001011010000000000101010110000000010100010
50 0000000110111001000000011011000000000001101001110000000110011110000000011001010100000001100011000000000110000011000000010111101000000001011100010000000101101000000000010101111100000001010101100000000101001101000000010100010000000001001110110000000100110010
51 0000000000000000000000000000000000000000000000000000000000000000000000000000000000000000000000000000000000000000000000000000000000000000000000000000000000000000000000000000000000000000000000000000000111011101000000011101010000000001110010110000000111000010
52 0000000010011001000000001001000000000000100001110000000001111110000000000111010100000000011011000000000001100011000000000101101000000000010100010000000001001000000000000011111100000000001101100000000000101101000000000010010000000000000110110000000000010010
53 0000000100101001000000010010000000000001000101110000000100001110000000010000010100000000111111000000000011110011000000001110101000000000111000010000000011011000000000001100111100000000110001100000000010111101000000001011010000000000101010110000000010100010
54 0000000110111001000000011011000000000001101001110000000110011110000000011001010100000001100011000000000110000011000000010111101000000001011100010000000101101000000000010101111100000001010101100000000101001101000000010100010000000001001110110000000100110010
55 0000000000000000000000000000000000000000000000000000000000000000000000000000000000000000000000000000000000000000000000000000000000000000000000000000000000000000000000000000000000000000000000000000000111011101000000011101010000000001110010110000000111000010
56 0000000010011001000000001001000000000000100001110000000001111110000000000111010100000000011011000000000001100011000000000101101000000000010100010000000001001000000000000011111100000000001101100000000000101101000000000010010000000000000110110000000000010010
57 0000000100101001000000010010000000000001000101110000000100001110000000010000010100000000111111000000000011110011000000001110101000000000111000010000000011011000000000001100111100000000110001100000000010111101000000001011010000000000101010110000000010100010
58 0000000110111001000000011011000000000001101001110000000110011110000000011001010100000001100011000000000110000011000000010111101000000001011100010000000101101000000000010101111100000001010101100000000101001101000000010100010000000001001110110000000100110010
59 0000000000000000000000000000000000000000000000000000000000000000000000000000000000000000000000000000000000000000000000000000000000000000000000000000000000000000000000000000000000000000000000000000000111011101000000011101010000000001110010110000000111000010
60 0000000010011001000000001001000000000000100001110000000001111110000000000111010100000000011011000000000001100011000000000101101000000000010100010000000001001000000000000011111100000000001101100000000000101101000000000010010000000000000110110000000000010010
61 0000000100101001000000010010000000000001000101110000000100001110000000010000010100000000111111000000000011110011000000001110101000000000111000010000000011011000000000001100111100000000110001100000000010111101000000001011010000000000101010110000000010100010
62 0000000110111001000000011011000000000001101001110000000110011110000000011001010100000001100011000000000110000011000000010111101000000001011100010000000101101000000000010101111100000001010101100000000101001101000000010100010000000001001110110000000100110010
63 0000000000000000000000000000000000000000000000000000000000000000000000000000000000000000000000000000000000000000000000000000000000000000000000000000000000000000000000000000000000000000000000000000000111011101000000011101010000000001110010110000000111000010
64 0000000010011001000000001001000000000000100001110000000001111110000000000111010100000000011011000000000001100011000000000101101000000000010100010000000001001000000000000011111100000000001101100000000000101101000000000010010000000000000110110000000000010010
65 0000000100101001000000010010000000000001000101110000000100001110000000010000010100000000111111000000000011110011000000001110101000000000111000010000000011011000000000001100111100000000110001100000000010111101000000001011010000000000101010110000000010100010
66 0000000110111001000000011011000000000001101001110000000110011110000000011001010100000001100011000000000110000011000000010111101000000001011100010000000101101000000000010101111100000001010101100000000101001101000000010100010000000001001110110000000100110010
67 0000000000000000000000000000000000000000000000000000000000000000000000000000000000000000000000000000000000000000000000000000000000000000000000000000000000000000000000000000000000000000000000000000000111011101000000011101010000000001110010110000000111000010
68 0000000010011001000000001001000000000000100001110000000001111110000000000111010100000000011011000000000001100011000000000101101000000000010100010000000001001000000000000011111100000000001101100000000000101101000000000010010000000000000110110000000000010010
69 0000000100101001000000010010000000000001000101110000000100001110000000010000010100000000111111000000000011110011000000001110101000000000111000010000000011011000000000001100111100000000110001100000000010111101000000001011010000000000101010110000000010100010
70 0000000110111001000000011011000000000001101001110000000110011110000000011001010100000001100011000000000110000011000000010111101000000001011100010000000101101000000000010101111100000001010101100000000101001101000000010100010000000001001110110000000100110010
71 0000000000000000000000000000000000000000000000000000000000000000000000000000000000000000000000000000000000000000000000000000000000000000000000000000000000000000000000000000000000000000000000000000000111011101000000011101010000000001110010110000000111000010
72 0000000010011001000000001001000000000000100001110000000001111110000000000111010100000000011011000000000001100011000000000101101000000000010100010000000001001000000000000011111100000000001101100000000000101101000000000010010000000000000110110000000000010010
73 0000000100101001000000010010000000000001000101110000000100001110000000010000010100000000111111000000000011110011000000001110101000000000111000010000000011011000000000001100111100000000110001100000000010111101000000001011010000000000101010110000000010100010
74 0000000110111001000000011011000000000001101001110000000110011110000000011001010100000001100011000000000110000011000000010111101000000001011100010000000101101000000000010101111100000001010101100000000101001101000000010100010000000001001110110000000100110010
75 0000000000000000000000000000000000000000000000000000000000000000000000000000000000000000000000000000000000000000000000000000000000000000000000000000000000000000000000000000000000000000000000000000000111011101000000011101010000000001110010110000000111000010
76 0000000010011001000000001001000000000000100001110000000001111110000000000111010100000000011011000000000001100011000000000101101000000000010100010000000001001000000000000011111100000000001101100000000000101101000000000010010000000000000110110000000000010010
77 0000000100101001000000010010000000000001000101110000000100001110000000010000010100000000111111000000000011110011000000001110101000000000111000010000000011011000000000001100111100000000110001100000000010111101000000001011010000000000101010110000000010100010
78 0000000110111001000000011011000000000001101001110000000110011110000000011001010100000001100011000000000110000011000000010111101000000001011100010000000101101000000000010101111100000001010101100000000101001101000000010100010000000001001110110000000100110010
79 0000000000000000000000000000000000000000000000000000000000000000000000000000000000000000000000000000000000000000000000000000000000000000000000000000000000000000000000000000000000000000000000000000000111011101000000011101010000000001110010110000000111000010
80 0000000010011001000000001001000000000000100001110000000001111110000000000111010100000000011011000000000001100011000000000101101000000000010100010000000001001000000000000011111100000000001101100000000000101101000000000010010000000000000110110000000000010010
81 0000000100101001000000010010000000000001000101110000000100001110000000010000010100000000111111000000000011110011000000001110101000000000111000010000000011011000000000001100111100000000110001100000000010111101000000001011010000000000101010110000000010100010
82 0000000110111001000000011011000000000001101001110000000110011110000000011001010100000001100011000000000110000011000000010111101000000001011100010000000101101000000000010101111100000001010101100000000101001101000000010100010000000001001110110000000100110010
83 0000000000000000000000000000000000000000000000000000000000000000000000000000000000000000000000000000000000000000000000000000000000000000000000000000000000000000000000000000000000000000000000000000000111011101000000011101010000000001110010110000000111000010
84 0000000010011001000000001001000000000000100001110000000001111110000000000111010100000000011011000000000001100011000000000101101000000000010100010000000001001000000000000011111100000000001101100000000000101101000000000010010000000000000110110000000000010010
85 0000000100101001000000010010000000000001000101110000000100001110000000010000010100000000111111000000000011110011000000001110101000000000111000010000000011011000000000001100111100000000110001100000000010111101000000001011010000000000101010110000000010100010
86 0000000110111001000000011011000000000001101001110000000110011110000000011001010100000001100011000000000110000011000000010111101000000001011100010000000101101000000000010101111100000001010101100000000101001101000000010100010000000001001110110000000100110010
87 0000000000000000000000000000000000000000000000000000000000000000000000000000000000000000000000000000000000000000000000000000000000000000000000000000000000000000000000000000000000000000000000000000000111011101000000011101010000000001110010110000000111000010
88 0000000010011001000000001001000000000000100001110000000001111110000000000111010100000000011011000000000001100011000000000101101000000000010100010000000001001000000000000011111100000000001101100000000000101101000000000010010000000000000110110000000000010010
89 0000000100101001000000010010000000000001000101110000000100001110000000010000010100000000111111000000000011110011000000001110101000000000111000010000000011011000000000001100111100000000110001100000000010111101000000001011010000000000101010110000000010100010
90 0000000110111001000000011011000000000001101001110000000110011110000000011001010100000001100011000000000110000011000000010111101000000001011100010000000101101000000000010101111100000001010101100000000101001101000000010100010000000001001110110000000100110010
91 0000000000000000000000000000000000000000000000000000000000000000000000000000000000000000000000000000000000000000000000000000000000000000000000000000000000000000000000000000000000000000000000000000000111011101000000011101010000000001110010110000000111000010
92 0000000010011001000000001001000000000000100001110000000001111110000000000111010100000000011011000000000001100011000000000101101000000000010100010000000001001000000000000011111100000000001101100000000000101101000000000010010000000000000110110000000000010010
93 0000000100101001000000010010000000000001000101110000000100001110000000010000010100000000111111000000000011110011000000001110101000000000111000010000000011011000000000001100111100000000110001100000000010111101000000001011010000000000101010110000000010100010
94 0000000110111001000000011011000000000001101001110000000110011110000000011001010100000001100011000000000110000011000000010111101000000001011100010000000101101000000000010101111100000001010101100000000101001101000000010100010000000001001110110000000100110010
95 0000000000000000000000000000000000000000000000000000000000000000000000000000000000000000000000000000000000000000000000000000000000000000000000000000000000000000000000000000000000000000000000000000000111011101000000011101010000000001110010110000000111000010
96 0000000010011001000000001001000000000000100001110000000001111110000000000111010100000000011011000000000001100011000000000101101000000000010100010000000001001000000000000011111100000000001101100000000000101101000000000010010000000000000110110000000000010010
97 0000000100101001000000010010000000000001000101110000000100001110000000010000010100000000111111000000000011110011000000001110101000000000111000010000000011011000000000001100111100000000110001100000000010111101000000001011010000000000101010110000000010100010
98 0000000110111001000000011011000000000001101001110000000110011110000000011001010100000001100011000000000110000011000000010111101000000001011100010000000101101000000000010101111100000001010101100000000101001101000000010100010000000001001110110000000100110010
99 0000000000000000000000000000000000000000000000000000000000000000000000000000000000000000000000000000000000000000000000000000000000000000000000000000000000000000000000000000000000000000000000000000000111011101000000011101010000000001110010110000000111000010
100 0000000010011001000000001001000000000000100001110000000001111110000000000111010100000000011011000000000001100011000000000101101000000000010100010000000001001000000000000011111100000000001101100000000000101101000000000010010000000000000110110000000000010010
101 0000000100101001000000010010000000000001000101110000000100001110000000010000010100000000111111000000000011110011000000001110101000000000111000010000000011011000000000001100111100000000110001100000000010111101000000001011010000000000101010110000000010100010
102 0000000110111001000000011011000000000001101001110000000110011110000000011001010100000001100011000000000110000011000000010111101000000001011100010000000101101000000000010101111100000001010101100000000101001101000000010100010000000001001110110000000100110010
103 0000000000000000000000000000000000000000000000000000000000000000000000000000000000000000000000000000000000000000000000000000000000000000000000000000000000000000000000000000000000000000000000000000000111011101000000011101010000000001110010110000000111000010
104 0000000010011001000000001001000000000000100001110000000001111110000000000111010100000000011011000000000001100011000000000101101000000000010100010000000001001000000000000011111100000000001101100000000000101101000000000010010000000000000110110000000000010010
105 0000000100101001000000010010000000000001000101110000000100001110000000010000010100000000111111000000000011110011000000001110101000000000111000010000000011011000000000001100111100000000110001100000000010111101000000001011010000000000101010110000000010100010
106 0000000110111001000000011011000000000001101001110000000110011110000000011001010100000001100011000000000110000011000000010111101000000001011100010000000101101000000000010101111100000001010101100000000101001101000000010100010000000001001110110000000100110010
107 0000000000000000000000000000000000000000000000000000000000000000000000000000000000000000000000000000000000000000000000000000000000000000000000000000000000000000000000000000000000000000000000000000000111011101000000011101010000000001110010110000000111000010
108 0000000010011001000000001001000000000000100001110000000001111110000000000111010100000000011011000000000001100011000000000101101000000000010100010000000001001000000000000011111100000000001101100000000000101101000000000010010000000000000110110000000000010010
109 0000000100101001000000010010000000000001000101110000000100001110000000010000010100000000111111000000000011110011000000001110101000000000111000010000000011011000000000001100111100000000110001100000000010111101000000001011010000000000101010110000000010100010
110 0000000110111001000000011011000000000001101001110000000110011110000000011001010100000001100011000000000110000011000000010111101000000001011100010000000101101000000000010101111100000001010101100000000101001101000000010100010000000001001110110000000100110010
111 0000000000000000000000000000000000000000000000000000000000000000000000000000000000000000000000000000000000000000000000000000000000000000000000000000000000000000000000000000000000000000000000000000000111011101000000011101010000000001110010110000000111000010
112 0000000010011001000000001001000000000000100001110000000001111110000000000111010100000000011011000000000001100011000000000101101000000000010100010000000001001000000000000011111100000000001101100000000000101101000000000010010000000000000110110000000000010010
113 0000000100101001000000010010000000000001000101110000000100001110000000010000010100000000111111000000000011110011000000001110101000000000111000010000000011011000000000001100111100000000110001100000000010111101000000001011010000000000101010110000000010100010
114 0000000110111001000000011011000000000001101001110000000110011110000000011001010100000001100011000000000110000011000000010111101000000001011100010000000101101000000000010101111100000001010101100000000101001101000000010100010000000001001110110000000100110010
115 0000000000000000000000000000000000000000000000000000000000000000000000000000000000000000000000000000000000000000000000000000000000000000000000000000000000000000000000000000000000000000000000000000000111011101000000011101010000000001110010110000000111000010
116 0000000010011001000000001001000000000000100001110000000001111110000000000111010100000000011011000000000001100011000000000101101000000000010100010000000001001000000000000011111100000000001101100000000000101101000000000010010000000000000110110000000000010010
117 0000000100101001000000010010000000000001000101110000000100001110000000010000010100000000111111000000000011110011000000001110101000000000111000010000000011011000000000001100111100000000110001100000000010111101000000001011010000000000101010110000000010100010
118 0000000110111001000000011011000000000001101001110000000110011110000000011001010100000001100011000000000110000011000000010111101000000001011100010000000101101000000000010101111100000001010101100000000101001101000000010100010000000001001110110000000100110010
119 0000000000000000000000000000000000000000000000000000000000000000000000000000000000000000000000000000000000000000000000000000000000000000000000000000000000000000000000000000000000000000000000000000000111011101000000011101010000000001110010110000000111000010
120 0000000010011001000000001001000000000000100001110000000001111110000000000111010100000000011011000000000001100011000000000101101000000000010100010000000001001000000000000011111100000000001101100000000000101101000000000010010000000000000110110000000000010010
121 0000000100101001000000010010000000000001000101110000000100001110000000010000010100000000111111000000000011110011000000001110101000000000111000010000000011011000000000001100111100000000110001100000000010111101000000001011010000000000101010110000000010100010
122 0000000110111001000000011011000000000001101001110000000110011110000000011001010100000001100011000000000110000011000000010111101000000001011100010000000101101000000000010101111100000001010101100000000101001101000000010100010000000001001110110000000100110010
123 0000000000000000000000000000000000000000000000000000000000000000000000000000000000000000000000000000000000000000000000000000000000000000000000000000000000000000000000000000000000000000000000000000000111011101000000011101010000000001110010110000000111000010
124 0000000010011001000000001001000000000000100001110000000001111110000000000111010100000000011011000000000001100011000000000101101000000000010100010000000001001000000000000011111100000000001101100000000000101101000000000010010000000000000110110000000000010010
125 0000000100101001000000010010000000000001000101110000000100001110000000010000010100000000111111000000000011110011000000001110101000000000111000010000000011011000000000001100111100000000110001100000000010111101000000001011010000000000101010110000000010100010
126 0000000110111001000000011011000000000001101001110000000110011110000000011001010100000001100011000000000110000011000000010111101000000001011100010000000101101000000000010101111100000001010101100000000101001101000000010100010000000001001110110000000100110010
127 0000000000000000000000000000000000000000000000000000000000000000000000000000000000000000000000000000000000000000000000000000000000000000000000000000000000000000000000000000000000000000000000000000000111011101000000011101010000000001110010110000000111000010
128 0000000010011001000000001001000000000000100001110000000001111110000000000111010100000000011011000000000001100011000000000101101000000000010100010000000001001000000000000011111100000000001101100000000000101101000000000010010000000000000110110000000000010010
129 0000000100101001000000010010000000000001000101110000000100001110000000010000010100000000111111000000000011110011000000001110101000000000111000010000000011011000000000001100111100000000110001100000000010111101000000001011010000000000101010110000000010100010
130 0000000110111001000000011011000000000001101001110000000110011110000000011001010100000001100011000000000110000011000000010111101000000001011100010000000101101000000000010101111100000001010101100000000101001101000000010100010000000001001110110000000100110010
131 0000000000000000000000000000000000000000000000000000000000000000000000000000000000000000000000000000000000000000000000000000000000000000000000000000000000000000000000000000000000000000000000000000000111011101000000011101010000000001110010110000000111000010
132 0000000010011001000000001001000000000000100001110000000001111110000000000111010100000000011011000000000001100011000000000101101000000000010100010000000001001000000000000011111100000000001101100000000000101101000000000010010000000000000110110000000000010010
133 0000000100101001000000010010000000000001000101110000000100001110000000010000010100000000111111000000000011110011000000001110101000000000111000010000000011011000000000001100111100000000110001100000000010111101000000001011010000000000101010110000000010100010
134 0000000110111001000000011011000000000001101001110000000110011110000000011001010100000001100011000000000110000011000000010111101000000001011100010000000101101000000000010101111100000001010101100000000101001101000000010100010000000001001110110000000100110010
135 0000000000000000000000000000000000000000000000000000000000000000000000000000000000000000000000000000000000000000000000000000000000000000000000000000000000000000000000000000000000000000000000000000000111011101000000011101010000000001110010110000000111000010
136 0000000010011001000000001001000000000000100001110000000001111110000000000111010100000000011011000000000001100011000000000101101000000000010100010000000001001000000000000011111100000000001101100000000000101101000000000010010000000000000110110000000000010010
137 0000000100101001000000010010000000000001000101110000000100001110000000010000010100000000111111000000000011110011000000001110101000000000111000010000000011011000000000001100111100000000110001100000000010111101000000001011010000000000101010110000000010100010
138 0000000110111001000000011011000000000001101001110000000110011110000000011001010100000001100011000000000110000011000000010111101000000001011100010000000101101000000000010101111100000001010101100000000101001101000000010100010000000001001110110000000100110010
139 0000000000000000000000000000000000000000000000000000000000000000000000000000000000000000000000000000000000000000000000000000000000000000000000000000000000000000000000000000000000000000000000000000000111011101000000011101010000000001110010110000000111000010
140 0000000010011001000000001001000000000000100001110000000001111110000000000111010100000000011011000000000001100011000000000101101000000000010100010000000001001000000000000011111100000000001101100000000000101101000000000010010000000000000110110000000000010010
141 0000000100101001000000010010000000000001000101110000000100001110000000010000010100000000111111000000000011110011000000001110101000000000111000010000000011011000000000001100111100000000110001100000000010111101000000001011010000000000101010110000000010100010
142 0000000110111001000000011011000000000001101001110000000110011110000000011001010100000001100011000000000110000011000000010111101000000001011100010000000101101000000000010101111100000001010101100000000101001101000000010100010000000001001110110000000100110010
143 0000000000000000000000000000000000000000000000000000000000000000000000000000000000000000000000000000000000000000000000000000000000000000000000000000000000000000000000000000000000000000000000000000000111011101000000011101010000000001110010110000000111000010
144 0000000010011001000000001001000000000000100001110000000001111110000000000111010100000000011011000000000001100011000000000101101000000000010100010000000001001000000000000011111100000000001101100000000000101101000000000010010000000000000110110000000000010010
145 0000000100101001000000010010000000000001000101110000000100001110000000010000010100000000111111000000000011110011000000001110101000000000111000010000000011011000000000001100111100000000110001100000000010111101000000001011010000000000101010110000000010100010
146 0000000110111001000000011011000000000001101001110000000110011110000000011001010100000001100011000000000110000011000000010111101000000001011100010000000101101000000000010101111100000001010101100000000101001101000000010100010000000001001110110000000100110010
147 0000000000000000000000000000000000000000000000000000000000000000000000000000000000000000000000000000000000000000000000000000000000000000000000000000000000000000000000000000000000000000000000000000000111011101000000011101010000000001110010110000000111000010
148 0000000010011001000000001001000000000000100001110000000001111110000000000111010100000000011011000000000001100011000000000101101000000000010100010000000001001000000000000011111100000000001101100000000000101101000000000010010000000000000110110000000000010010
149 0000000100101001000000010010000000000001000101110000000100001110000000010000010100000000111111000000000011110011000000001110101000000000111000010000000011011000000000001100111100000000110001100000000010111101000000001011010000000000101010110000000010100010
150 0000000110111001000000011011000000000001101001110000000110011110000000011001010100000001100011000000000110000011000000010111101000000001011100010000000101101000000000010101111100000001010101100000000101001101000000010100010000000001001110110000000100110010
151 0000000000000000000000000000000000000000000000000000000000000000000000000000000000000000000000000000000000000000000000000000000000000000000000000000000000000000000000000000000000000000000000000000000111011101000000011101010000000001110010110000000111000010
152 0000000010011001000000001001000000000000100001110000000001111110000000000111010100000000011011000000000001100011000000000101101000000000010100010000000001001000000000000011111100000000001101100000000000101101000000000010010000000000000110110000000000010010
153 0000000100101001000000010010000000000001000101110000000100001110000000010000010100000000111111000000000011110011000000001110101000000000111000010000000011011000000000001100111100000000110001100000000010111101000000001011010000000000101010110000000010100010
154 0000000110111001000000011011000000000001101001110000000110011110000000011001010100000001100011000000000110000011000000010111101000000001011100010000000101101000000000010101111100000001010101100000000101001101000000010100010000000001001110110000000100110010
155 0000000000000000000000000000000000000000000000000000000000000000000000000000000000000000000000000000000000000000000000000000000000000000000000000000000000000000000000000000000000000000000000000000000111011101000000011101010000000001110010110000000111000010
156 0000000010011001000000001001000000000000100001110000000001111110000000000111010100000000011011000000000001100011000000000101101000000000010100010000000001001000000000000011111100000000001101100000000000101101000000000010010000000000000110110000000000010010
157 0000000100101001000000010010000000000001000101110000000100001110000000010000010100000000111111000000000011110011000000001110101000000000111000010000000011011000000000001100111100000000110001100000000010111101000000001011010000000000101010110000000010100010
158 0000000110111001000000011011000000000001101001110000000110011110000000011001010100000001100011000000000110000011000000010111101000000001011100010000000101101000000000010101111100000001010101100000000101001101000000010100010000000001001110110000000100110010
159 0000000000000000000000000000000000000000000000000000000000000000000000000000000000000000000000000000000000000000000000000000000000000000000000000000000000000000000000000000000000000000000000000000000111011101000000011101010000000001110010110000000111000010
160 0000000010011001000000001001000000000000100001110000000001111110000000000111010100000000011011000000000001100011000000000101101000000000010100010000000001001000000000000011111100000000001101100000000000101101000000000010010000000000000110110000000000010010
161 0000000100101001000000010010000000000001000101110000000100001110000000010000010100000000111111000000000011110011000000001110101000000000111000010000000011011000000000001100111100000000110001100000000010111101000000001011010000000000101010110000000010100010
162 0000000110111001000000011011000000000001101001110000000110011110000000011001010100000001100011000000000110000011000000010111101000000001011100010000000101101000000000010101111100000001010101100000000101001101000000010100010000000001001110110000000100110010
163 0000000000000000000000000000000000000000000000000000000000000000000000000000000000000000000000000000000000000000000000000000000000000000000000000000000000000000000000000000000000000000000000000000000111011101000000011101010000000001110010110000000111000010
164 0000000010011001000000001001000000000000100001110000000001111110000000000111010100000000011011000000000001100011000000000101101000000000010100010000000001001000000000000011111100000000001101100000000000101101000000000010010000000000000110110000000000010010
165 0000000100101001000000010010000000000001000101110000000100001110000000010000010100000000111111000000000011110011000000001110101000000000111000010000000011011000000000001100111100000000110001100000000010111101000000001011010000000000101010110000000010100010
166 0000000110111001000000011011000000000001101001110000000110011110000000011001010100000001100011000000000110000011000000010111101000000001011100010000000101101000000000010101111100000001010101100000000101001101000000010100010000000001001110110000000100110010
167 0000000000000000000000000000000000000000000000000000000000000000000000000000000000000000000000000000000000000000000000000000000000000000000000000000000000000000000000000000000000000000000000000000000111011101000000011101010000000001110010110000000111000010
168 0000000010011001000000001001000000000000100001110000000001111110000000000111010100000000011011000000000001100011000000000101101000000000010100010000000001001000000000000011111100000000001101100000000000101101000000000010010000000000000110110000000000010010
169 0000000100101001000000010010000000000001000101110000000100001110000000010000010100000000111111000000000011110011000000001110101000000000111000010000000011011000000000001100111100000000110001100000000010111101000000001011010000000000101010110000000010100010
170 0000000110111001000000011011000000000001101001110000000110011110000000011001010100000001100011000000000110000011000000010111101000000001011100010000000101101000000000010101111100000001010101100000000101001101000000010100010000000001001110110000000100110010
171 0000000000000000000000000000000000000000000000000000000000000000000000000000000000000000000000000000000000000000000000000000000000000000000000000000000000000000000000000000000000000000000000000000000111011101000000011101010000000001110010110000000111000010
172 0000000010011001000000001001000000000000100001110000000001111110000000000111010100000000011011000000000001100011000000000101101000000000010100010000000001001000000000000011111100000000001101100000000000101101000000000010010000000000000110110000000000010010
173 0000000100101001000000010010000000000001000101110000000100001110000000010000010100000000111111000000000011110011000000001110101000000000111000010000000011011000000000001100111100000000110001100000000010111101000000001011010000000000101010110000000010100010
174 0000000110111001000000011011000000000001101001110000000110011110000000011001010100000001100011000000000110000011000000010111101000000001011100010000000101101000000000010101111100000001010101100000000101001101000000010100010000000001001110110000000100110010
175 0000000000000000000000000000000000000000000000000000000000000000000000000000000000000000000000000000000000000000000000000000000000000000000000000000000000000000000000000000000000000000000000000000000111011101000000011101010000000001110010110000000111000010
176 0000000010011001000000001001000000000000100001110000000001111110000000000111010100000000011011000000000001100011000000000101101000000000010100010000000001001000000000000011111100000000001101100000000000101101000000000010010000000000000110110000000000010010
177 0000000100101001000000010010000000000001000101110000000100001110000000010000010100000000111111000000000011110011000000001110101000000000111000010000000011011000000000001100111100000000110001100000000010111101000000001011010000000000101010110000000010100010
178 0000000110111001000000011011000000000001101001110000000110011110000000011001010100000001100011000000000110000011000000010111101000000001011100010000000101101000000000010101111100000001010101100000000101001101000000010100010000000001001110110000000100110010
179 0000000000000000000000000000000000000000000000000000000000000000000000000000000000000000000000000000000000000000000000000000000000000000000000000000000000000000000000000000000000000000000000000000000111011101000000011101010000000001110010110000000111000010
180 0000000010011001000000001001000000000000100001110000000001111110000000000111010100000000011011000000000001100011000000000101101000000000010100010000000001001000000000000011111100000000001101100000000000101101000000000010010000000000000110110000000000010010
181 0000000100101001000000010010000000000001000101110000000100001110000000010000010100000000111111000000000011110011000000001110101000000000111000010000000011011000000000001100111100000000110001100000000010111101000000001011010000000000101010110000000010100010
182 0000000110111001000000011011000000000001101001110000000110011110000000011001010100000001100011000000000110000011000000010111101000000001011100010000000101101000000000010101111100000001010101100000000101001101000000010100010000000001001110110000000100110010
183 0000000000000000000000000000000000000000000000000000000000000000000000000000000000000000000000000000000000000000000000000000000000000000000000000000000000000000000000000000000000000000000000000000000111011101000000011101010000000001110010110000000111000010
184 0000000010011001000000001001000000000000100001110000000001111110000000000111010100000000011011000000000001100011000000000101101000000000010100010000000001001000000000000011111100000000001101100000000000101101000000000010010000000000000110110000000000010010
185 0000000100101001000000010010000000000001000101110000000100001110000000010000010100000000111111000000000011110011000000001110101000000000111000010000000011011000000000001100111100000000110001100000000010111101000000001011010000000000101010110000000010100010
186 0000000110111001000000011011000000000001101001110000000110011110000000011001010100000001100011000000000110000011000000010111101000000001011100010000000101101000000000010101111100000001010101100000000101001101000000010100010000000001001110110000000100110010
187 0000000000000000000000000000000000000000000000000000000000000000000000000000000000000000000000000000000000000000000000000000000000000000000000000000000000000000000000000000000000000000000000000000000111011101000000011101010000000001110010110000000111000010
188 0000000010011001000000001001000000000000100001110000000001111110000000000111010100000000011011000000000001100011000000000101101000000000010100010000000001001000000000000011111100000000001101100000000000101101000000000010010000000000000110110000000000010010
189 0000000100101001000000010010000000000001000101110000000100001110000000010000010100000000111111000000000011110011000000001110101000000000111000010000000011011000000000001100111100000000110001100000000010111101000000001011010000000000101010110000000010100010
190 0000000110111001000000011011000000000001101001110000000110011110000000011001010100000001100011000000000110000011000000010111101000000001011100010000000101101000000000010101111100000001010101100000000101001101000000010100010000000001001110110000000100110010
191 0000000000000000000000000000000000000000000000000000000000000000000000000000000000000000000000000000000000000000000000000000000000000000000000000000000000000000000000000000000000000000000000000000000111011101000000011101010000000001110010110000000111000010
192 0000000010011001000000001001000000000000100001110000000001111110000000000111010100000000011011000000000001100011000000000101101000000000010100010000000001001000000000000011111100000000001101100000000000101101000000000010010000000000000110110000000000010010
193 0000000100101001000000010010000000000001000101110000000100001110000000010000010100000000111111000000000011110011000000001110101000000000111000010000000011011000000000001100111100000000110001100000000010111101000000001011010000000000101010110000000010100010
194 0000000110111001000000011011000000000001101001110000000110011110000000011001010100000001100011000000000110000011000000010111101000000001011100010000000101101000000000010101111100000001010101100000000101001101000000010100010000000001001110110000000100110010
195 0000000000000000000000000000000000000000000000000000000000000000000000000000000000000000000000000000000000000000000000000000000000000000000000000000000000000000000000000000000000000000000000000000000111011101000000011101010000000001110010110000000111000010
196 0000000010011001000000001001000000000000100001110000000001111110000000000111010100000000011011000000000001100011000000000101101000000000010100010000000001001000000000000011111100000000001101100000000000101101000000000010010000000000000110110000000000010010
197 0000000100101001000000010010000000000001000101110000000100001110000000010000010100000000111111000000000011110011000000001110101000000000111000010000000011011000000000001100111100000000110001100000000010111101000000001011010000000000101010110000000010100010
198 0000000110111001000000011011000000000001101001110000000110011110000000011001010100000001100011000000000110000011000000010111101000000001011100010000000101101000000000010101111100000001010101100000000101001101000000010100010000000001001110110000000100110010
199 0000000000000000000000000000000000000000000000000000000000000000000000000000000000000000000000000000000000000000000000000000000000000000000000000000000000000000000000000000000000000000000000000000000111011101000000011101010000000001110010110000000111000010
200 0000000010011001000000001001000000000000100001110000000001111110000000000111010100000000011011000000000001100011000000000101101000000000010100010000000001001000000000000011111100000000001101100000000000101101000000000010010000000000000110110000000000010010
201 0000000100101001000000010010000000000001000101110000000100001110000000010000010100000000111111000000000011110011000000001110101000000000111000010000000011011000000000001100111100000000110001100000000010111101000000001011010000000000101010110000000010100010
202 0000000110111001000000011011000000000001101001110000000110011110000000011001010100000001100011000000000110000011000000010111101000000001011100010000000101101000000000010101111100000001010101100000000101001101000000010100010000000001001110110000000100110010
203 0000000000000000000000000000000000000000000000000000000000000000000000000000000000000000000000000000000000000000000000000000000000000000000000000000000000000000000000000000000000000000000000000000000111011101000000011101010000000001110010110000000111000010
204 0000000010011001000000001001000000000000100001110000000001111110000000000111010100000000011011000000000001100011000000000101101000000000010100010000000001001000000000000011111100000000001101100000000000101101000000000010010000000000000110110000000000010010
205 0000000100101001000000010010000000000001000101110000000100001110000000010000010100000000111111000000000011110011000000001110101000000000111000010000000011011000000000001100111100000000110001100000000010111101000000001011010000000000101010110000000010100010
206 0000000110111001000000011011000000000001101001110000000110011110000000011001010100000001100011000000000110000011000000010111101000000001011100010000000101101000000000010101111100000001010101100000000101001101000000010100010000000001001110110000000100110010
207 0000000000000000000000000000000000000000000000000000000000000000000000000000000000000000000000000000000000000000000000000000000000000000000000000000000000000000000000000000000000000000000000000000000111011101000000011101010000000001110010110000000111000010
