12 0000001100111111000000110011110100000011001110110000001100111001000000110011011100000011001101010000001100110011000000110011000100000011001011110000001100101101000000110010101100000011001010010000001100100111000000110010010100000011001000110000001100100001
11 0000001100011111000000110001110100000011000110110000001100011001000000110001011100000011000101010000001100010011000000110001000100000011000011110000001100001101000000110000101100000011000010010000001100000111000000110000010100000011000000110000001100000001
10 0000001011111111000000101111110100000010111110110000001011111001000000101111011100000010111101010000001011110011000000101111000100000010111011110000001011101101000000101110101100000010111010010000001011100111000000101110010100000010111000110000001011100001
9 0000001011011111000000101101110100000010110110110000001011011001000000101101011100000010110101010000001011010011000000101101000100000010110011110000001011001101000000101100101100000010110010010000001011000111000000101100010100000010110000110000001011000001
8 0000001010111111000000101011110100000010101110110000001010111001000000101011011100000010101101010000001010110011000000101011000100000010101011110000001010101101000000101010101100000010101010010000001010100111000000101010010100000010101000110000001010100001
7 0000001010011111000000101001110100000010100110110000001010011001000000101001011100000010100101010000001010010011000000101001000100000010100011110000001010001101000000101000101100000010100010010000001010000111000000101000010100000010100000110000001010000001
6 0000001001111111000000100111110100000010011110110000001001111001000000100111011100000010011101010000001001110011000000100111000100000010011011110000001001101101000000100110101100000010011010010000001001100111000000100110010100000010011000110000001001100001
5 0000001001011111000000100101110100000010010110110000001001011001000000100101011100000010010101010000001001010011000000100101000100000010010011110000001001001101000000100100101100000010010010010000001001000111000000100100010100000010010000110000001001000001
4 0000001000111111000000100011110100000010001110110000001000111001000000100011011100000010001101010000001000110011000000100011000100000010001011110000001000101101000000100010101100000010001010010000001000100111000000100010010100000010001000110000001000100001
3 0000001000011111000000100001110100000010000110110000001000011001000000100001011100000010000101010000001000010011000000100001000100000010000011110000001000001101000000100000101100000010000010010000001000000111000000100000010100000010000000110000001000000001
2 0000000111111111000000011111110100000001111110110000000111111001000000011111011100000001111101010000000111110011000000011111000100000001111011110000000111101101000000011110101100000001111010010000000111100111000000011110010100000001111000110000000111100001
1 0000000111011111000000011101110100000001110110110000000111011001000000011101011100000001110101010000000111010011000000011101000100000001110011110000000111001101000000011100101100000001110010010000000111000111000000011100010100000001110000110000000111000001
0 0000000110111111000000011011110100000001101110110000000110111001000000011011011100000001101101010000000110110011000000011011000100000001101011110000000110101101000000011010101100000001101010010000000110100111000000011010010100000001101000110000000110100001
