0 0000000000100100000000000010010000000000001001000000000000100100000000000010010000000000001001000000000000100100000000000010010000000000001001000000000000100100000000000010010000000000001001000000000000100100000000000010010000000000001001000000000000100100
1 0000000000100100000000000010010000000000001001000000000000100100000000000010010000000000001001000000000000100100000000000010010000000000001001000000000000100100000000000010010000000000001001000000000000100100000000000010010000000000001001000000000000100100
2 0000000000100100000000000010010000000000001001000000000000100100000000000010010000000000001001000000000000100100000000000010010000000000001001000000000000100100000000000010010000000000001001000000000000100100000000000010010000000000001001000000000000100100
3 0000000000100100000000000010010000000000001001000000000000100100000000000010010000000000001001000000000000100100000000000010010000000000001001000000000000100100000000000010010000000000001001000000000000100100000000000010010000000000001001000000000000100100
4 0000000000100100000000000010010000000000001001000000000000100100000000000010010000000000001001000000000000100100000000000010010000000000001001000000000000100100000000000010010000000000001001000000000000100100000000000010010000000000001001000000000000100100
5 0000000000100100000000000010010000000000001001000000000000100100000000000010010000000000001001000000000000100100000000000010010000000000001001000000000000100100000000000010010000000000001001000000000000100100000000000010010000000000001001000000000000100100
6 0000000000000000000000000000000000000000000000000000000000000000000000000000000000000000000000000000000000000000000000000000000000000000001001000000000000100100000000000010010000000000001001000000000000100100000000000010010000000000001001000000000000100100
7 0000000000100100000000000010010000000000001001000000000000100100000000000010010000000000001001000000000000100100000000000010010000000000001001000000000000100100000000000010010000000000001001000000000000100100000000000010010000000000001001000000000000100100
8 0000000000100100000000000010010000000000001001000000000000100100000000000010010000000000001001000000000000100100000000000010010000000000001001000000000000100100000000000010010000000000001001000000000000100100000000000010010000000000001001000000000000100100
9 0000000000100100000000000010010000000000001001000000000000100100000000000010010000000000001001000000000000100100000000000010010000000000001001000000000000100100000000000010010000000000001001000000000000100100000000000010010000000000001001000000000000100100
10 0000000000100100000000000010010000000000001001000000000000100100000000000010010000000000001001000000000000100100000000000010010000000000001001000000000000100100000000000010010000000000001001000000000000100100000000000010010000000000001001000000000000100100
11 0000000000100100000000000010010000000000001001000000000000100100000000000010010000000000001001000000000000100100000000000010010000000000001001000000000000100100000000000010010000000000001001000000000000100100000000000010010000000000001001000000000000100100
12 0000000000100100000000000010010000000000001001000000000000100100000000000010010000000000001001000000000000100100000000000010010000000000001001000000000000100100000000000010010000000000001001000000000000100100000000000010010000000000001001000000000000100100
13 0000000000000000000000000000000000000000000000000000000000000000000000000000000000000000000000000000000000000000000000000000000000000000001001000000000000100100000000000010010000000000001001000000000000100100000000000010010000000000001001000000000000100100
14 0000000000100100000000000010010000000000001001000000000000100100000000000010010000000000001001000000000000100100000000000010010000000000001001000000000000100100000000000010010000000000001001000000000000100100000000000010010000000000001001000000000000100100
15 0000000000100100000000000010010000000000001001000000000000100100000000000010010000000000001001000000000000100100000000000010010000000000001001000000000000100100000000000010010000000000001001000000000000100100000000000010010000000000001001000000000000100100
16 0000000000100100000000000010010000000000001001000000000000100100000000000010010000000000001001000000000000100100000000000010010000000000001001000000000000100100000000000010010000000000001001000000000000100100000000000010010000000000001001000000000000100100
17 0000000000100100000000000010010000000000001001000000000000100100000000000010010000000000001001000000000000100100000000000010010000000000001001000000000000100100000000000010010000000000001001000000000000100100000000000010010000000000001001000000000000100100
18 0000000000100100000000000010010000000000001001000000000000100100000000000010010000000000001001000000000000100100000000000010010000000000001001000000000000100100000000000010010000000000001001000000000000100100000000000010010000000000001001000000000000100100
19 0000000000100100000000000010010000000000001001000000000000100100000000000010010000000000001001000000000000100100000000000010010000000000001001000000000000100100000000000010010000000000001001000000000000100100000000000010010000000000001001000000000000100100
20 0000000000000000000000000000000000000000000000000000000000000000000000000000000000000000000000000000000000000000000000000000000000000000001001000000000000100100000000000010010000000000001001000000000000100100000000000010010000000000001001000000000000100100
21 0000000000100100000000000010010000000000001001000000000000100100000000000010010000000000001001000000000000100100000000000010010000000000001001000000000000100100000000000010010000000000001001000000000000100100000000000010010000000000001001000000000000100100
22 0000000000100100000000000010010000000000001001000000000000100100000000000010010000000000001001000000000000100100000000000010010000000000001001000000000000100100000000000010010000000000001001000000000000100100000000000010010000000000001001000000000000100100
23 0000000000100100000000000010010000000000001001000000000000100100000000000010010000000000001001000000000000100100000000000010010000000000001001000000000000100100000000000010010000000000001001000000000000100100000000000010010000000000001001000000000000100100
24 0000000000100100000000000010010000000000001001000000000000100100000000000010010000000000001001000000000000100100000000000010010000000000001001000000000000100100000000000010010000000000001001000000000000100100000000000010010000000000001001000000000000100100
25 0000000000100100000000000010010000000000001001000000000000100100000000000010010000000000001001000000000000100100000000000010010000000000001001000000000000100100000000000010010000000000001001000000000000100100000000000010010000000000001001000000000000100100
26 0000000000100100000000000010010000000000001001000000000000100100000000000010010000000000001001000000000000100100000000000010010000000000001001000000000000100100000000000010010000000000001001000000000000100100000000000010010000000000001001000000000000100100
27 0000000000000000000000000000000000000000000000000000000000000000000000000000000000000000000000000000000000000000000000000000000000000000001001000000000000100100000000000010010000000000001001000000000000100100000000000010010000000000001001000000000000100100
