0 0000000000101000000000000010100000000000000111110000000000100000000000000011100100000000001001000000000000100101000000000011011100000000001010110000000000101101000000000011110000000000001100010000000000010111000000000001101100000000000110000000000000110000
1 0000000000000000000000000000000000000000000000000000000000000000000000000000000000000000000000000000000000101110000000000001101100000000000111100000000000010111000000000010000000000000001000100000000000101100000000000010110000000000000110010000000000011001
2 0000000000111011000000000011000100000000001001010000000000100011000000000010000000000000000100000000000000100111000000000011100100000000001010100000000000110011000000000011010100000000001000110000000000011010000000000001110000000000000111100000000000100101
3 0000000000000000000000000000000000000000000000000000000000000000000000000000000000000000000000000000000000101000000000000001010000000000000100100000000000010110000000000010110100000000001010100000000000110011000000000011001000000000000111100000000000100110
4 0000000000110010000000000010110000000000001010010000000000010101000000000000101100000000000110000000000000111111000000000011100100000000001100000000000000110111000000000011011000000000001001000000000000100011000000000001010100000000000111000000000000010110
5 0000000000000000000000000000000000000000000000000000000000000000000000000000000000000000000000000000000000011100000000000001001000000000000011010000000000100000000000000011100000000000001011010000000000110100000000000011001100000000001001110000000000110111
6 0000000000101000000000000011000100000000001010110000000000010100000000000001001100000000001011010000000000111000000000000011010000000000001001110000000000101011000000000010111100000000001011000000000000011110000000000000111100000000000111110000000000011001
7 0000000000000000000000000000000000000000000000000000000000000000000000000000000000000000000000000000000000010111000000000010000000000000001000000000000000101111000000000010010100000000000111010000000000101011000000000010011100000000001001010000000000110011
8 0000000000110000000000000011000000000000001000010000000000011101000000000001111000000000001100010000000000111001000000000011001000000000001010000000000000011111000000000010110100000000001011110000000000010110000000000001111000000000000111010000000000100000
9 0000000000000000000000000000000000000000000000000000000000000000000000000000000000000000000000000000000000101001000000000011011000000000001010110000000000100000000000000001010000000000000110010000000000100001000000000001011100000000000111100000000000101011
10 0000000000110101000000000010011100000000001011010000000000101000000000000001111100000000001001110000000000101110000000000010011100000000000110100000000000011111000000000010110000000000000111010000000000100110000000000001100100000000000100110000000000101010
11 0000000000000000000000000000000000000000000000000000000000000000000000000000000000000000000000000000000000110001000000000010111100000000001000100000000000001110000000000001101100000000001001010000000000101100000000000010000100000000000111100000000000101110
12 0000000000100110000000000010001100000000001100100000000000100000000000000001110000000000001001110000000000100010000000000001110000000000000110110000000000110001000000000010100100000000001000110000000000100110000000000001111100000000001011000000000000101010
13 0000000000000000000000000000000000000000000000000000000000000000000000000000000000000000000000000000000000101000000000000010011000000000000111000000000000011000000000000010100000000000001011010000000000101111000000000001110100000000001001100000000000110001
14 0000000000100110000000000010100000000000001000010000000000010101000000000010101000000000000111000000000000010111000000000010001000000000001011010000000000101001000000000010110000000000001011110000000000101010000000000011001000000000001000000000000000101110
15 0000000000000000000000000000000000000000000000000000000000000000000000000000000000000000000000000000000000101010000000000011010100000000001010100000000000011101000000000010100100000000001010100000000000100010000000000001110000000000001101110000000000110101
16 0000000000011101000000000001001100000000000010110000000000101011000000000010101000000000000100110000000000011111000000000010001000000000000111100000000000011111000000000011000000000000001011010000000000110111000000000010111000000000001011110000000000101011
17 0000000000000000000000000000000000000000000000000000000000000000000000000000000000000000000000000000000000100010000000000010111100000000001011000000000000011010000000000010001100000000000111010000000000011000000000000011010000000000001110100000000000100110
18 0000000000011010000000000000110000000000000111010000000000101100000000000010101000000000001000000000000000100011000000000001000100000000001000010000000000101110000000000011011000000000001011010000000000110101000000000011001100000000001011110000000000011111
19 0000000000000000000000000000000000000000000000000000000000000000000000000000000000000000000000000000000000011100000000000010111100000000001010100000000000011110000000000001100000000000001000000000000000101010000000000011001000000000001011010000000000011000
20 0000000000011010000000000001110000000000001001000000000000101001000000000010111100000000001010100000000000011111000000000010100100000000001110000000000000110011000000000010111100000000001011000000000000110111000000000010011100000000001011110000000000111001
21 0000000000000000000000000000000000000000000000000000000000000000000000000000000000000000000000000000000000100000000000000011001100000000001001000000000000010010000000000001100100000000001010110000000000101111000000000010110000000000001010000000000000010101
22 0000000000100100000000000010001100000000000111010000000000100101000000000011110100000000001100000000000000101111000000000011111000000000001011110000000000110000000000000010101000000000001100110000000000100001000000000010000000000000001101100000000000101101
23 0000000000000000000000000000000000000000000000000000000000000000000000000000000000000000000000000000000000101110000000000011101000000000001010000000000000011101000000000010000100000000001001010000000000101011000000000010100100000000000111100000000000011000
24 0000000000101000000000000001100100000000000100010000000000101001000000000011001000000000001100000000000000111010000000000011000100000000000111000000000000011011000000000010100100000000001001100000000000100011000000000011000100000000001100010000000000100001
25 0000000000000000000000000000000000000000000000000000000000000000000000000000000000000000000000000000000000110001000000000011000100000000000111110000000000101000000000000001101000000000000111100000000000100011000000000001110100000000000011110000000000011100
26 0000000000011011000000000000111000000000001001010000000000110000000000000010100100000000001101000000000000101011000000000001110100000000000110000000000000101001000000000010110000000000001000100000000000110010000000000011101000000000001011010000000000011001
27 0000000000000000000000000000000000000000000000000000000000000000000000000000000000000000000000000000000000101101000000000010111000000000001101000000000000101100000000000010000000000000000111100000000000100001000000000001000000000000001000000000000000101000
28 0000000000010000000000000010001100000000001101010000000000101001000000000011011000000000001010110000000000010101000000000001000100000000001001100000000000101111000000000010110100000000000111110000000000110100000000000011111100000000001100100000000000011100
29 0000000000000000000000000000000000000000000000000000000000000000000000000000000000000000000000000000000000100000000000000011000100000000001011110000000000101100000000000011001000000000001101110000000000101001000000000001011100000000001010100000000000100001
30 0000000000011001000000000010111100000000001100000000000000111001000000000011000000000000000011000000000000001101000000000010011100000000001001100000000000100110000000000010011000000000000110100000000000101101000000000010101000000000001011000000000000100111
31 0000000000000000000000000000000000000000000000000000000000000000000000000000000000000000000000000000000000101100000000000010100100000000001100010000000001000000000000000100100000000000001111000000000000100010000000000010100000000000001011010000000000011111
32 0000000000011101000000000001101000000000001010110000000000110010000000000001111100000000000001110000000000100001000000000010000000000000000011110000000000011010000000000001111100000000001010000000000000100000000000000001111000000000001000010000000000101010
33 0000000000000000000000000000000000000000000000000000000000000000000000000000000000000000000000000000000000101010000000000010101100000000001011110000000001000111000000000100010000000000001000100000000000101000000000000011110000000000001100110000000000011101
34 0000000000011001000000000001111100000000001011100000000000101000000000000010000100000000001001110000000000101011000000000000111100000000000111000000000000011101000000000010100000000000001001000000000000010101000000000001011000000000000111100000000000100111
35 0000000000000000000000000000000000000000000000000000000000000000000000000000000000000000000000000000000000110101000000000010101100000000001100010000000000111111000000000010100000000000000110100000000000101110000000000011111000000000001001010000000000011001
36 0000000000100001000000000010000100000000001101100000000000110001000000000010111100000000001010100000000000100001000000000010001100000000001001110000000000101100000000000010000000000000000100110000000000011010000000000011000000000000001001110000000000100110
37 0000000000000000000000000000000000000000000000000000000000000000000000000000000000000000000000000000000000101111000000000010101100000000001010000000000000110000000000000010011100000000001000100000000000110010000000000010011100000000001000010000000000010111
38 0000000000100010000000000011000100000000001111100000000000111000000000000010100000000000000111100000000000101110000000000011010100000000001100110000000000011101000000000001011000000000000110010000000000110010000000000010110100000000001000110000000000100111
39 0000000000000000000000000000000000000000000000000000000000000000000000000000000000000000000000000000000000101000000000000010001000000000001000100000000000110010000000000011010100000000001101010000000000100100000000000001100100000000001000110000000000101011
40 0000000000011000000000000010111100000000001101110000000000011101000000000000111100000000000111000000000000101011000000000010100100000000000111110000000000100001000000000010001000000000001100110000000000101111000000000001111000000000001001100000000000100011
41 0000000000000000000000000000000000000000000000000000000000000000000000000000000000000000000000000000000000011110000000000001100100000000001000100000000000110100000000000100001100000000001100010000000000100010000000000010110000000000001100010000000000101001
42 0000000000011001000000000010011000000000001001110000000000011011000000000000100000000000000101110000000000101110000000000010011100000000001100010000000000110111000000000011001000000000001101110000000000100000000000000010100000000000001100000000000000011000
43 0000000000000000000000000000000000000000000000000000000000000000000000000000000000000000000000000000000000100011000000000001101100000000001000110000000000110100000000000011000100000000001000110000000000110011000000000011100100000000001011000000000000011100
44 0000000000011101000000000010011100000000000111100000000000010101000000000001010000000000000110010000000000101011000000000010110000000000001101010000000000111110000000000011110100000000001100000000000000100110000000000010011100000000001010100000000000100000
45 0000000000000000000000000000000000000000000000000000000000000000000000000000000000000000000000000000000000101111000000000010001000000000001000010000000000100101000000000010011100000000001010100000000000110100000000000010110100000000001011010000000000011100
46 0000000000100011000000000010100000000000000011110000000000011000000000000001101000000000001000010000000000100100000000000010100000000000001001110000000000111101000000000010101100000000001001000000000000100111000000000001011000000000001010100000000000100010
47 0000000000000000000000000000000000000000000000000000000000000000000000000000000000000000000000000000000000101011000000000001110100000000000111010000000000011100000000000010011100000000001101100000000000110000000000000010111000000000001100100000000000011100
48 0000000000011101000000000001110100000000000101110000000000011100000000000001001000000000000111110000000000010111000000000010010000000000001100110000000000110011000000000010000100000000001011000000000000010110000000000001101000000000001100100000000000100000
49 0000000000000000000000000000000000000000000000000000000000000000000000000000000000000000000000000000000000011101000000000001101000000000000110000000000000011101000000000010000100000000001011000000000000111010000000000011111000000000001011100000000000011100
50 0000000000011011000000000001110100000000000110100000000000011110000000000001110100000000001001000000000000100010000000000010101000000000001110010000000000011111000000000010000100000000001010000000000000011001000000000001110000000000001001000000000000100000
51 0000000000000000000000000000000000000000000000000000000000000000000000000000000000000000000000000000000000110010000000000001101000000000000111010000000000011100000000000010100000000000001101100000000001000101000000000011011000000000001011010000000000100110
