56 0000000000000100000000000000001100000000000001000000000000000000000000000000010000000000000000000000000000000011000000000000000100000000000001000000000000000011000000000000010000000000000000100000000000000010000000000000010000000000000000010000000000000001
55 0000000000000000000000000000001100000000000000010000000000000001000000000000001100000000000000010000000000000100000000000000001000000000000000010000000000000010000000000000001100000000000000000000000000000001000000000000001000000000000001000000000000000100
54 0000000000000100000000000000000100000000000000100000000000000001000000000000010000000000000000110000000000000000000000000000001000000000000000000000000000000000000000000000010000000000000001000000000000000100000000000000001100000000000000000000000000000011
53 0000000000000010000000000000001100000000000000000000000000000100000000000000000000000000000000100000000000000100000000000000001100000000000000010000000000000100000000000000000100000000000000000000000000000011000000000000000100000000000000100000000000000000
52 0000000000000010000000000000001000000000000001000000000000000100000000000000000000000000000000000000000000000011000000000000000100000000000000010000000000000100000000000000010000000000000000110000000000000011000000000000000000000000000000010000000000000011
51 0000000000000000000000000000000100000000000000000000000000000010000000000000000100000000000001000000000000000000000000000000001100000000000000010000000000000000000000000000001100000000000000000000000000000011000000000000001100000000000000010000000000000001
50 0000000000000100000000000000010000000000000000010000000000000100000000000000010000000000000000100000000000000000000000000000000000000000000000110000000000000010000000000000001000000000000000000000000000000100000000000000001100000000000000010000000000000011
49 0000000000000000000000000000000000000000000001000000000000000000000000000000000100000000000000000000000000000000000000000000010000000000000001000000000000000011000000000000010000000000000000000000000000000001000000000000010000000000000000000000000000000011
48 0000000000000000000000000000000100000000000000010000000000000001000000000000010000000000000000110000000000000011000000000000001100000000000000100000000000000001000000000000001100000000000001000000000000000011000000000000000100000000000000100000000000000010
47 0000000000000010000000000000010000000000000000000000000000000000000000000000010000000000000001000000000000000100000000000000010000000000000000100000000000000011000000000000000000000000000000010000000000000100000000000000000100000000000000000000000000000010
46 0000000000000010000000000000001100000000000000110000000000000011000000000000000100000000000000000000000000000000000000000000000100000000000000110000000000000010000000000000001000000000000001000000000000000001000000000000001100000000000000000000000000000000
45 0000000000000011000000000000000100000000000000000000000000000000000000000000001000000000000000010000000000000001000000000000010000000000000000100000000000000100000000000000010000000000000000100000000000000100000000000000001000000000000000100000000000000010
44 0000000000000000000000000000000100000000000000110000000000000100000000000000001000000000000000100000000000000010000000000000001000000000000001000000000000000100000000000000001000000000000000010000000000000011000000000000010000000000000000000000000000000011
43 0000000000000011000000000000001000000000000000010000000000000001000000000000001000000000000000100000000000000011000000000000000000000000000000110000000000000010000000000000001100000000000000000000000000000010000000000000000100000000000000010000000000000000
42 0000000000000100000000000000000100000000000000000000000000000011000000000000000100000000000000110000000000000000000000000000001100000000000001000000000000000011000000000000010000000000000000000000000000000011000000000000000100000000000001000000000000000000
41 0000000000000100000000000000010000000000000000110000000000000000000000000000001000000000000001000000000000000010000000000000001100000000000000000000000000000000000000000000000100000000000001000000000000000010000000000000000000000000000000110000000000000100
40 0000000000000100000000000000000100000000000000110000000000000011000000000000010000000000000000100000000000000010000000000000001000000000000000100000000000000001000000000000000000000000000000110000000000000001000000000000000000000000000000010000000000000010
39 0000000000000100000000000000001000000000000000110000000000000100000000000000010000000000000000000000000000000100000000000000001100000000000000110000000000000001000000000000000100000000000000110000000000000100000000000000001000000000000001000000000000000100
38 0000000000000000000000000000000100000000000000010000000000000000000000000000001000000000000001000000000000000001000000000000010000000000000001000000000000000000000000000000001000000000000001000000000000000100000000000000001000000000000000110000000000000000
37 0000000000000001000000000000000100000000000000110000000000000000000000000000001000000000000000010000000000000000000000000000000000000000000000000000000000000100000000000000001000000000000000000000000000000000000000000000000100000000000000100000000000000010
36 0000000000000011000000000000000000000000000001000000000000000011000000000000010000000000000000010000000000000010000000000000001100000000000001000000000000000011000000000000000100000000000001000000000000000011000000000000001000000000000000000000000000000001
35 0000000000000010000000000000010000000000000000110000000000000000000000000000000100000000000001000000000000000001000000000000000000000000000001000000000000000001000000000000001000000000000000000000000000000010000000000000000000000000000000110000000000000011
34 0000000000000001000000000000001000000000000000010000000000000001000000000000000000000000000000100000000000000010000000000000001100000000000001000000000000000100000000000000010000000000000000000000000000000010000000000000001100000000000000010000000000000010
33 0000000000000011000000000000000100000000000001000000000000000001000000000000000000000000000000000000000000000010000000000000000100000000000000110000000000000000000000000000001000000000000000100000000000000100000000000000010000000000000001000000000000000100
32 0000000000000000000000000000010000000000000000100000000000000000000000000000001000000000000000110000000000000100000000000000001000000000000001000000000000000011000000000000010000000000000000000000000000000011000000000000001000000000000000010000000000000001
31 0000000000000100000000000000010000000000000000100000000000000100000000000000000100000000000000000000000000000010000000000000010000000000000001000000000000000001000000000000000100000000000001000000000000000100000000000000000000000000000000000000000000000010
30 0000000000000010000000000000010000000000000000010000000000000011000000000000000100000000000000110000000000000000000000000000010000000000000000000000000000000000000000000000000100000000000000100000000000000001000000000000001000000000000000100000000000000000
29 0000000000000000000000000000001000000000000000010000000000000010000000000000001100000000000001000000000000000001000000000000000000000000000000100000000000000001000000000000010000000000000001000000000000000011000000000000001100000000000000010000000000000001
12 0000000000000011000000000000001100000000000000100000000000000010000000000000000100000000000001000000000000000100000000000000010000000000000000010000000000000000000000000000000000000000000000010000000000000001000000000000010000000000000000100000000000000011
11 0000000000000100000000000000001000000000000000100000000000000011000000000000001000000000000001000000000000000001000000000000000000000000000000110000000000000011000000000000001000000000000000000000000000000011000000000000000000000000000000000000000000000001
10 0000000000000000000000000000001100000000000000010000000000000010000000000000000100000000000000100000000000000001000000000000000000000000000000110000000000000001000000000000001000000000000000110000000000000000000000000000001000000000000000010000000000000001
9 0000000000000011000000000000000100000000000000000000000000000000000000000000010000000000000000110000000000000011000000000000001100000000000001000000000000000010000000000000010000000000000000000000000000000010000000000000001000000000000000110000000000000011
8 0000000000000000000000000000001000000000000000110000000000000001000000000000001100000000000000000000000000000000000000000000000000000000000001000000000000000011000000000000001000000000000001000000000000000100000000000000001100000000000001000000000000000011
7 0000000000000100000000000000000100000000000000010000000000000001000000000000001000000000000001000000000000000001000000000000001000000000000000100000000000000010000000000000000000000000000000100000000000000000000000000000000100000000000000000000000000000010
6 0000000000000011000000000000000100000000000000000000000000000011000000000000010000000000000000000000000000000011000000000000000000000000000000110000000000000010000000000000001100000000000001000000000000000001000000000000000000000000000001000000000000000011
5 0000000000000010000000000000000000000000000000110000000000000000000000000000000000000000000001000000000000000100000000000000001100000000000001000000000000000100000000000000001000000000000000110000000000000000000000000000010000000000000000010000000000000000
4 0000000000000100000000000000000000000000000001000000000000000100000000000000000000000000000001000000000000000000000000000000001000000000000000000000000000000010000000000000000000000000000000110000000000000001000000000000001000000000000000000000000000000010
3 0000000000000011000000000000000100000000000000110000000000000100000000000000000000000000000000110000000000000001000000000000000100000000000000100000000000000011000000000000000000000000000000000000000000000010000000000000000100000000000001000000000000000000
2 0000000000000011000000000000001100000000000000100000000000000001000000000000010000000000000000100000000000000010000000000000000000000000000001000000000000000000000000000000001100000000000000110000000000000010000000000000000100000000000000100000000000000011
1 0000000000000001000000000000000000000000000000110000000000000010000000000000010000000000000000110000000000000100000000000000001000000000000000110000000000000011000000000000010000000000000000100000000000000001000000000000000100000000000000100000000000000010
0 0000000000000100000000000000001100000000000000100000000000000010000000000000001100000000000000010000000000000001000000000000010000000000000000010000000000000000000000000000010000000000000001000000000000000000000000000000000100000000000000110000000000000010
13 0000000000000000000000000000001100000000000000000000000000000010000000000000001100000000000000100000000000000100000000000000000000000000000000000000000000000011000000000000000100000000000000100000000000000000000000000000001100000000000000110000000000000011
14 0000000000000100000000000000001000000000000000100000000000000100000000000000001000000000000001000000000000000001000000000000000000000000000000010000000000000010000000000000010000000000000000100000000000000000000000000000001000000000000001000000000000000010
15 0000000000000100000000000000001100000000000000100000000000000000000000000000001000000000000000100000000000000000000000000000001100000000000001000000000000000000000000000000010000000000000000100000000000000000000000000000010000000000000000000000000000000011
16 0000000000000011000000000000000000000000000001000000000000000000000000000000000100000000000000000000000000000011000000000000000000000000000000110000000000000010000000000000001100000000000000110000000000000001000000000000000100000000000000100000000000000010
17 0000000000000011000000000000000100000000000000010000000000000100000000000000000000000000000000010000000000000010000000000000001100000000000000110000000000000010000000000000000100000000000000110000000000000011000000000000000100000000000001000000000000000100
18 0000000000000011000000000000010000000000000001000000000000000010000000000000010000000000000001000000000000000011000000000000000100000000000000010000000000000001000000000000001100000000000000010000000000000011000000000000010000000000000000110000000000000000
19 0000000000000000000000000000000000000000000001000000000000000000000000000000001000000000000000110000000000000010000000000000000000000000000000100000000000000100000000000000001100000000000001000000000000000000000000000000010000000000000000000000000000000000
20 0000000000000001000000000000001100000000000000100000000000000011000000000000000000000000000000110000000000000100000000000000000100000000000001000000000000000010000000000000000100000000000000000000000000000100000000000000001100000000000000100000000000000010
21 0000000000000000000000000000001100000000000000110000000000000001000000000000000100000000000000000000000000000001000000000000000100000000000000110000000000000001000000000000001000000000000000110000000000000100000000000000000100000000000000100000000000000011
22 0000000000000010000000000000000100000000000000010000000000000100000000000000000000000000000000000000000000000100000000000000000000000000000000000000000000000001000000000000000100000000000001000000000000000010000000000000000100000000000000010000000000000000
23 0000000000000010000000000000000100000000000001000000000000000010000000000000010000000000000000000000000000000100000000000000001100000000000001000000000000000010000000000000010000000000000000100000000000000011000000000000001100000000000000110000000000000000
24 0000000000000000000000000000000100000000000000000000000000000011000000000000001000000000000000110000000000000010000000000000001100000000000000010000000000000100000000000000001100000000000000010000000000000100000000000000000000000000000000110000000000000010
25 0000000000000010000000000000000100000000000000110000000000000011000000000000001000000000000001000000000000000100000000000000001000000000000000110000000000000001000000000000001100000000000000000000000000000010000000000000010000000000000001000000000000000000
26 0000000000000000000000000000001000000000000000100000000000000000000000000000000000000000000001000000000000000011000000000000000000000000000000000000000000000000000000000000001100000000000000100000000000000100000000000000000100000000000000010000000000000001
27 0000000000000001000000000000000000000000000001000000000000000011000000000000001000000000000000110000000000000000000000000000001000000000000000010000000000000100000000000000000100000000000000010000000000000011000000000000000000000000000000010000000000000011
28 0000000000000011000000000000000100000000000000110000000000000000000000000000001100000000000000110000000000000011000000000000001100000000000000110000000000000010000000000000001000000000000000010000000000000000000000000000000000000000000000110000000000000011
