15 0000000000000100000000000000000100000000000001000000000000000000000000000000001100000000000000000000000000000011000000000000001100000000000001000000000000000001000000000000010000000000000001000000000000000001000000000000010000000000000001000000000000000000
14 0000000000000011000000000000001100000000000000000000000000000010000000000000001100000000000000110000000000000011000000000000001000000000000000100000000000000011000000000000000100000000000000100000000000000011000000000000010000000000000001000000000000000100
13 0000000000000001000000000000001000000000000001000000000000000000000000000000001100000000000000000000000000000011000000000000000000000000000001000000000000000011000000000000000000000000000001000000000000000100000000000000001100000000000000000000000000000000
0 0000000000000011000000000000000000000000000000000000000000000100000000000000010000000000000000010000000000000011000000000000000000000000000000000000000000000001000000000000000000000000000000000000000000000010000000000000000100000000000000100000000000000010
1 0000000000000000000000000000000000000000000000010000000000000000000000000000010000000000000000000000000000000100000000000000000000000000000000110000000000000011000000000000000100000000000000110000000000000010000000000000010000000000000000000000000000000011
2 0000000000000000000000000000000100000000000000100000000000000010000000000000000100000000000000000000000000000000000000000000001000000000000000110000000000000011000000000000001100000000000000110000000000000001000000000000001000000000000000110000000000000100
3 0000000000000001000000000000000000000000000000100000000000000000000000000000001100000000000000100000000000000001000000000000001000000000000000010000000000000001000000000000001100000000000001000000000000000010000000000000001000000000000000100000000000000100
4 0000000000000011000000000000001000000000000001000000000000000100000000000000000000000000000000110000000000000001000000000000001000000000000001000000000000000100000000000000000000000000000000000000000000000001000000000000001000000000000000100000000000000000
5 0000000000000010000000000000001100000000000000100000000000000000000000000000001000000000000000100000000000000011000000000000000000000000000000100000000000000001000000000000010000000000000000000000000000000011000000000000001100000000000000100000000000000100
6 0000000000000010000000000000001100000000000000100000000000000001000000000000001000000000000001000000000000000001000000000000001100000000000000100000000000000011000000000000000000000000000000000000000000000010000000000000001100000000000000100000000000000001
7 0000000000000001000000000000000000000000000000000000000000000010000000000000000100000000000000100000000000000000000000000000010000000000000000100000000000000000000000000000000100000000000000100000000000000001000000000000000000000000000000010000000000000001
8 0000000000000100000000000000000000000000000000100000000000000011000000000000001100000000000001000000000000000100000000000000000000000000000001000000000000000010000000000000001100000000000000010000000000000011000000000000001100000000000001000000000000000011
9 0000000000000001000000000000001100000000000000100000000000000001000000000000000000000000000000100000000000000011000000000000000000000000000001000000000000000001000000000000000000000000000000000000000000000010000000000000000000000000000000100000000000000000
10 0000000000000100000000000000000100000000000000010000000000000100000000000000000000000000000000010000000000000000000000000000001000000000000000010000000000000001000000000000001100000000000000010000000000000001000000000000000100000000000000110000000000000011
11 0000000000000011000000000000001000000000000000010000000000000011000000000000000100000000000000110000000000000011000000000000000000000000000000010000000000000100000000000000010000000000000001000000000000000011000000000000001100000000000000010000000000000011
12 0000000000000000000000000000000000000000000000100000000000000100000000000000010000000000000000000000000000000001000000000000000000000000000000110000000000000100000000000000001100000000000000110000000000000011000000000000000000000000000000110000000000000100
