12 0000000000000000000000000000000000000000000000000000000000001110000000000001001100000000000011000000000000010010000000000000110100000000000100110000000000010101000000000001000000000000000100110000000000010111000000000001111000000000000101100000000000001011
11 0000000000000000000000000000000000000000000000000000000000001110000000000001101100000000000011110000000000001111000000000000010000000000000100010000000000010111000000000001001000000000000110100000000000011010000000000001001100000000000011010000000000010010
10 0000000000000000000000000000000000000000000000000000000000010010000000000001010000000000000010110000000000010010000000000000100100000000000011110000000000010101000000000001011100000000000111100000000000011100000000000001001100000000000100010000000000010011
9 0000000000000000000000000000000000000000000000000000000000010101000000000000111100000000000011000000000000001001000000000000010100000000000010110000000000010010000000000001010000000000000101000000000000010000000000000000101100000000000011100000000000010111
8 0000000000000000000000000000000000000000000000000000000000010100000000000000010100000000000010100000000000001101000000000000110000000000000011100000000000010000000000000001000000000000000001110000000000001001000000000000100100000000000011010000000000001101
7 0000000000000000000000000000000000000000000000000000000000010000000000000000111000000000000101100000000000011001000000000000111000000000000101010000000000001111000000000001000100000000000010110000000000010000000000000000111000000000000110000000000000010100
6 0000000000000000000000000000000000000000000000000000000000001011000000000000110000000000000100100000000000010000000000000000101000000000000110000000000000001101000000000000101000000000000010000000000000001111000000000000101000000000000011010000000000001010
5 0000000000000000000000000000000000000000000000000000000000010000000000000000110100000000000101010000000000010000000000000001010000000000000100110000000000001111000000000000110100000000000010000000000000001001000000000000110100000000000100100000000000001110
4 0000000000000000000000000000000000000000000000000000000000001011000000000000101100000000000100100000000000001110000000000001001000000000000011010000000000001100000000000000110100000000000010110000000000001111000000000001001000000000000100100000000000010010
3 0000000000000000000000000000000000000000000000000000000000010011000000000001001000000000000100100000000000001111000000000000110000000000000100110000000000010111000000000001010000000000000001000000000000001010000000000000111100000000000011110000000000001111
2 0000000000000000000000000000000000000000000000000000000000001100000000000000101000000000000100100000000000001110000000000000110000000000000100010000000000001111000000000000110100000000000011110000000000010100000000000001001100000000000100000000000000010010
1 0000000000000000000000000000000000000000000000000000000000001101000000000000111000000000000010110000000000000100000000000000101000000000000100000000000000010100000000000001010100000000000101110000000000010000000000000000111100000000000100010000000000011000
0 0000000000000000000000000000000000000000000000000000000000000110000000000000111000000000000010100000000000001101000000000000111000000000000100010000000000010011000000000001010000000000000101010000000000001111000000000001010100000000000100100000000000010110
