56 0000000000000000000000000000001100000000000000110000000000000000000000000000001000000000000000110000000000000010000000000000000100000000000000000000000000000000000000000000010000000000000001000000000000000100000000000000001000000000000000100000000000000010
55 0000000000000010000000000000000000000000000001000000000000000011000000000000000100000000000001000000000000000100000000000000000100000000000000110000000000000011000000000000000100000000000000110000000000000011000000000000000000000000000000010000000000000011
54 0000000000000100000000000000001100000000000000100000000000000001000000000000001100000000000000100000000000000000000000000000000000000000000000010000000000000000000000000000000000000000000000000000000000000011000000000000000000000000000000100000000000000100
53 0000000000000010000000000000000000000000000001000000000000000100000000000000010000000000000000000000000000000000000000000000001100000000000000110000000000000001000000000000010000000000000000110000000000000100000000000000001100000000000000000000000000000010
52 0000000000000100000000000000000000000000000001000000000000000001000000000000000000000000000000000000000000000011000000000000010000000000000000100000000000000100000000000000001000000000000001000000000000000001000000000000000000000000000000000000000000000010
51 0000000000000001000000000000000100000000000001000000000000000100000000000000000000000000000000110000000000000011000000000000001000000000000000000000000000000001000000000000001100000000000001000000000000000010000000000000001100000000000000110000000000000011
50 0000000000000011000000000000010000000000000000000000000000000100000000000000000100000000000001000000000000000010000000000000000100000000000000010000000000000000000000000000010000000000000001000000000000000011000000000000000100000000000000110000000000000000
49 0000000000000100000000000000010000000000000000000000000000000011000000000000000100000000000000000000000000000010000000000000000100000000000001000000000000000000000000000000000100000000000000110000000000000011000000000000001100000000000000010000000000000100
48 0000000000000001000000000000000100000000000000100000000000000011000000000000000100000000000001000000000000000010000000000000001000000000000000000000000000000000000000000000010000000000000000110000000000000010000000000000001000000000000000000000000000000001
47 0000000000000011000000000000000000000000000000110000000000000000000000000000010000000000000000100000000000000010000000000000000000000000000000000000000000000011000000000000000000000000000001000000000000000000000000000000010000000000000000100000000000000001
46 0000000000000011000000000000000000000000000000010000000000000100000000000000001000000000000000010000000000000001000000000000001000000000000000110000000000000010000000000000000100000000000001000000000000000010000000000000001100000000000000100000000000000001
45 0000000000000011000000000000010000000000000000000000000000000100000000000000001000000000000001000000000000000011000000000000010000000000000000010000000000000001000000000000001000000000000000010000000000000100000000000000010000000000000000000000000000000100
44 0000000000000011000000000000001000000000000000010000000000000011000000000000001100000000000000100000000000000100000000000000000100000000000000110000000000000011000000000000001000000000000000010000000000000100000000000000000100000000000000000000000000000010
43 0000000000000100000000000000000100000000000000010000000000000011000000000000000100000000000000100000000000000010000000000000010000000000000000000000000000000010000000000000010000000000000001000000000000000001000000000000001100000000000000010000000000000010
42 0000000000000100000000000000010000000000000000100000000000000000000000000000001000000000000000010000000000000010000000000000001000000000000000010000000000000011000000000000000000000000000000000000000000000010000000000000001000000000000000010000000000000001
41 0000000000000010000000000000010000000000000001000000000000000010000000000000000000000000000001000000000000000011000000000000000000000000000001000000000000000001000000000000001100000000000000100000000000000010000000000000001000000000000000110000000000000100
40 0000000000000000000000000000010000000000000000100000000000000011000000000000010000000000000000100000000000000001000000000000000100000000000000010000000000000001000000000000000100000000000000010000000000000000000000000000001000000000000001000000000000000000
39 0000000000000010000000000000000000000000000000010000000000000010000000000000001100000000000000100000000000000010000000000000000000000000000001000000000000000011000000000000010000000000000000110000000000000000000000000000000100000000000001000000000000000000
38 0000000000000000000000000000001100000000000000010000000000000011000000000000000000000000000000000000000000000011000000000000001100000000000001000000000000000100000000000000010000000000000001000000000000000011000000000000001000000000000000100000000000000100
37 0000000000000001000000000000010000000000000000000000000000000001000000000000000100000000000000100000000000000001000000000000000100000000000000010000000000000000000000000000000100000000000000000000000000000001000000000000000100000000000000110000000000000010
36 0000000000000001000000000000010000000000000000110000000000000000000000000000010000000000000001000000000000000100000000000000010000000000000000110000000000000010000000000000000000000000000001000000000000000100000000000000001100000000000000100000000000000000
35 0000000000000000000000000000000100000000000000110000000000000000000000000000010000000000000000000000000000000010000000000000000000000000000001000000000000000011000000000000001000000000000000100000000000000011000000000000001000000000000000100000000000000001
34 0000000000000010000000000000010000000000000000010000000000000011000000000000001100000000000000000000000000000100000000000000001000000000000000010000000000000010000000000000010000000000000001000000000000000010000000000000010000000000000001000000000000000011
33 0000000000000010000000000000001100000000000000010000000000000011000000000000000100000000000000100000000000000001000000000000010000000000000000000000000000000010000000000000000000000000000000100000000000000000000000000000000100000000000000110000000000000010
32 0000000000000000000000000000010000000000000001000000000000000100000000000000010000000000000000010000000000000011000000000000000000000000000000110000000000000011000000000000010000000000000000100000000000000010000000000000010000000000000000000000000000000001
31 0000000000000001000000000000001000000000000000000000000000000000000000000000000100000000000001000000000000000100000000000000000100000000000000100000000000000010000000000000010000000000000000000000000000000000000000000000001000000000000000110000000000000100
30 0000000000000000000000000000001000000000000000010000000000000010000000000000000100000000000000110000000000000000000000000000000000000000000000110000000000000011000000000000001000000000000000010000000000000011000000000000000100000000000001000000000000000100
29 0000000000000000000000000000000100000000000000010000000000000000000000000000000100000000000001000000000000000010000000000000000000000000000000000000000000000000000000000000001000000000000001000000000000000010000000000000010000000000000000110000000000000001
12 0000000000000000000000000000000000000000000000100000000000000011000000000000000100000000000000000000000000000000000000000000010000000000000000000000000000000001000000000000010000000000000001000000000000000011000000000000010000000000000000000000000000000010
11 0000000000000100000000000000000100000000000000100000000000000100000000000000010000000000000000100000000000000010000000000000000100000000000000100000000000000001000000000000000000000000000000010000000000000000000000000000001000000000000000010000000000000000
10 0000000000000100000000000000000000000000000000110000000000000000000000000000001000000000000000100000000000000010000000000000000100000000000000110000000000000000000000000000010000000000000000010000000000000011000000000000001000000000000000110000000000000100
9 0000000000000001000000000000010000000000000000000000000000000011000000000000000000000000000000010000000000000011000000000000000100000000000000000000000000000001000000000000001100000000000000110000000000000010000000000000000000000000000000100000000000000010
8 0000000000000011000000000000000100000000000000100000000000000001000000000000001000000000000000100000000000000100000000000000000100000000000000010000000000000000000000000000000100000000000000100000000000000000000000000000000100000000000001000000000000000001
7 0000000000000100000000000000001000000000000000110000000000000001000000000000000000000000000000000000000000000011000000000000000000000000000001000000000000000010000000000000010000000000000000110000000000000000000000000000000100000000000000000000000000000100
6 0000000000000010000000000000001100000000000000000000000000000000000000000000000100000000000000100000000000000011000000000000001000000000000000000000000000000011000000000000000100000000000000100000000000000010000000000000010000000000000000010000000000000001
5 0000000000000010000000000000001100000000000000110000000000000011000000000000010000000000000000010000000000000011000000000000000100000000000000000000000000000011000000000000001100000000000000010000000000000100000000000000000000000000000000100000000000000100
4 0000000000000010000000000000001100000000000000100000000000000001000000000000001000000000000000110000000000000001000000000000000000000000000000010000000000000100000000000000000100000000000001000000000000000010000000000000001100000000000000010000000000000011
3 0000000000000010000000000000001000000000000000110000000000000011000000000000010000000000000000000000000000000011000000000000001000000000000001000000000000000001000000000000000100000000000001000000000000000011000000000000010000000000000000000000000000000011
2 0000000000000100000000000000010000000000000000000000000000000100000000000000000000000000000000000000000000000100000000000000001000000000000000100000000000000001000000000000000100000000000001000000000000000100000000000000010000000000000000110000000000000100
1 0000000000000001000000000000001100000000000000000000000000000010000000000000000000000000000000100000000000000000000000000000000000000000000000010000000000000000000000000000001000000000000001000000000000000000000000000000000000000000000000110000000000000010
0 0000000000000010000000000000001100000000000000000000000000000011000000000000000100000000000000000000000000000001000000000000001100000000000000100000000000000010000000000000001100000000000000000000000000000001000000000000001100000000000000100000000000000100
13 0000000000000100000000000000001100000000000000000000000000000000000000000000001000000000000000100000000000000001000000000000001100000000000000010000000000000100000000000000010000000000000000000000000000000001000000000000000100000000000001000000000000000000
14 0000000000000100000000000000001100000000000000100000000000000100000000000000001000000000000001000000000000000100000000000000001000000000000000110000000000000100000000000000000100000000000001000000000000000010000000000000001100000000000000110000000000000000
15 0000000000000010000000000000001000000000000000110000000000000001000000000000001100000000000001000000000000000100000000000000000000000000000000000000000000000001000000000000010000000000000000100000000000000011000000000000001100000000000000010000000000000011
16 0000000000000010000000000000000000000000000000100000000000000011000000000000010000000000000000100000000000000100000000000000000000000000000000000000000000000011000000000000001100000000000000010000000000000010000000000000010000000000000000100000000000000011
17 0000000000000100000000000000000000000000000001000000000000000001000000000000000100000000000000000000000000000001000000000000000000000000000000000000000000000100000000000000010000000000000001000000000000000100000000000000001000000000000000000000000000000000
18 0000000000000100000000000000001100000000000000110000000000000010000000000000000100000000000000010000000000000100000000000000001100000000000000000000000000000000000000000000001100000000000000000000000000000000000000000000001100000000000001000000000000000010
19 0000000000000100000000000000001100000000000000110000000000000010000000000000010000000000000000100000000000000000000000000000000100000000000001000000000000000000000000000000000000000000000000100000000000000011000000000000010000000000000000110000000000000100
20 0000000000000010000000000000000100000000000000010000000000000011000000000000010000000000000000010000000000000010000000000000000000000000000000100000000000000001000000000000000100000000000000100000000000000100000000000000000100000000000001000000000000000100
21 0000000000000010000000000000001100000000000000010000000000000011000000000000001000000000000000000000000000000000000000000000000000000000000000010000000000000010000000000000001100000000000000100000000000000001000000000000001000000000000000000000000000000100
22 0000000000000001000000000000001000000000000000000000000000000001000000000000001100000000000001000000000000000000000000000000000000000000000000110000000000000100000000000000000000000000000000100000000000000100000000000000010000000000000001000000000000000010
23 0000000000000001000000000000000100000000000000000000000000000100000000000000010000000000000001000000000000000011000000000000010000000000000000100000000000000001000000000000001000000000000001000000000000000000000000000000010000000000000001000000000000000010
24 0000000000000001000000000000000100000000000000100000000000000100000000000000000000000000000000000000000000000011000000000000001000000000000000000000000000000010000000000000001000000000000000110000000000000100000000000000001100000000000000100000000000000100
25 0000000000000000000000000000001100000000000000110000000000000011000000000000010000000000000000000000000000000001000000000000000000000000000000010000000000000010000000000000000100000000000000100000000000000000000000000000001100000000000000110000000000000011
26 0000000000000011000000000000010000000000000000110000000000000000000000000000000000000000000001000000000000000001000000000000000100000000000001000000000000000001000000000000001100000000000000000000000000000001000000000000010000000000000000010000000000000001
27 0000000000000010000000000000010000000000000000000000000000000001000000000000010000000000000000100000000000000001000000000000010000000000000000010000000000000001000000000000000000000000000000010000000000000000000000000000001100000000000001000000000000000011
28 0000000000000100000000000000001100000000000000010000000000000001000000000000001000000000000000000000000000000001000000000000001000000000000000110000000000000100000000000000010000000000000000010000000000000000000000000000001100000000000000110000000000000011
