12 0000000000000000000000000000000000000000000000000000000000110011000000000011000000000000010000000000000001000101000000000011111000000000001111000000000000110001000000000100010100000000001110110000000000110100000000000011111100000000001011010000000001000010
11 0000000000000000000000000000000000000000000000000000000001010110000000000100110100000000010101010000000001000001000000000001110000000000000110100000000000101101000000000100011000000000010110000000000001001000000000000101000100000000010001000000000001011100
10 0000000000000000000000000000000000000000000000000000000001000111000000000100110000000000010110000000000000110110000000000010011100000000001011100000000000111111000000000100110000000000001111110000000001000101000000000100101000000000010011100000000001000011
9 0000000000000000000000000000000000000000000000000000000000100101000000000011110100000000010110010000000001001000000000000100000000000000001101000000000000111001000000000101010000000000010001110000000001010001000000000011011000000000001110110000000000110110
8 0000000000000000000000000000000000000000000000000000000000111001000000000011001000000000001111110000000000011010000000000010010000000000001100010000000001010000000000000110111000000000010010010000000001000110000000000010001000000000001001010000000000011010
7 0000000000000000000000000000000000000000000000000000000000101010000000000010100100000000010001110000000000110111000000000011100100000000001101000000000001011000000000000111001100000000010110110000000001001100000000000010111100000000001101000000000000111101
6 0000000000000000000000000000000000000000000000000000000000101001000000000100101000000000010100110000000001001001000000000100101100000000010010010000000001010100000000000100010100000000001101010000000001001010000000000100100100000000011001000000000001100011
5 0000000000000000000000000000000000000000000000000000000000110010000000000100110100000000010100000000000001001001000000000100010000000000010010000000000001000011000000000011110000000000001100010000000000111101000000000100000100000000010101010000000001000111
4 0000000000000000000000000000000000000000000000000000000001010110000000000100001100000000001100100000000001010000000000000110111100000000011001000000000001000110000000000011011100000000001111100000000000111101000000000100100100000000010001010000000001001010
3 0000000000000000000000000000000000000000000000000000000001101010000000000011111000000000001100000000000000111001000000000100101100000000010101010000000001001111000000000101111000000000011001100000000001010110000000000101000000000000001111100000000001000011
2 0000000000000000000000000000000000000000000000000000000001010010000000000011000000000000001110010000000001001101000000000101110100000000010110000000000001010111000000000101101100000000011001000000000001100001000000000101011000000000010000010000000000111100
1 0000000000000000000000000000000000000000000000000000000001011001000000000101001100000000010111010000000001101011000000000110010100000000010011000000000000110001000000000100011100000000010111000000000001100111000000000101011000000000001111100000000001000000
0 0000000000000000000000000000000000000000000000000000000000110101000000000011111100000000010111000000000001110101000000000111110000000000011010100000000001001111000000000100111100000000010101000000000001101110000000000111010100000000010110110000000001100010
