56 0000000000000011000000000000001000000000000001000000000000000100000000000000001000000000000000100000000000000011000000000000010000000000000000010000000000000001000000000000001100000000000000010000000000000010000000000000001100000000000000110000000000000100
55 0000000000000001000000000000001100000000000000010000000000000010000000000000001000000000000000110000000000000010000000000000000100000000000000110000000000000100000000000000010000000000000000000000000000000100000000000000001000000000000000110000000000000010
54 0000000000000011000000000000001000000000000000010000000000000011000000000000000100000000000000000000000000000011000000000000001000000000000000110000000000000011000000000000001100000000000000010000000000000010000000000000001100000000000000110000000000000010
53 0000000000000001000000000000001000000000000000000000000000000100000000000000001100000000000000010000000000000010000000000000000100000000000000000000000000000000000000000000001000000000000001000000000000000011000000000000000000000000000000010000000000000011
52 0000000000000001000000000000010000000000000000100000000000000001000000000000010000000000000000000000000000000010000000000000001000000000000000010000000000000011000000000000000100000000000000100000000000000010000000000000000000000000000000100000000000000000
51 0000000000000010000000000000001000000000000000100000000000000000000000000000000100000000000000000000000000000100000000000000001100000000000000010000000000000001000000000000000100000000000000110000000000000100000000000000001000000000000000010000000000000011
50 0000000000000010000000000000001000000000000000100000000000000010000000000000010000000000000000110000000000000011000000000000000100000000000001000000000000000100000000000000000000000000000000000000000000000001000000000000001100000000000000110000000000000001
49 0000000000000001000000000000001000000000000001000000000000000000000000000000000100000000000000100000000000000010000000000000001100000000000000100000000000000011000000000000001000000000000001000000000000000011000000000000001000000000000000110000000000000000
48 0000000000000000000000000000010000000000000000100000000000000001000000000000001000000000000000100000000000000001000000000000001000000000000000100000000000000100000000000000001000000000000000000000000000000010000000000000000100000000000000000000000000000011
47 0000000000000011000000000000001000000000000000110000000000000011000000000000000000000000000000100000000000000001000000000000000100000000000000000000000000000011000000000000001100000000000000010000000000000100000000000000010000000000000000010000000000000010
46 0000000000000000000000000000010000000000000001000000000000000010000000000000000000000000000000000000000000000000000000000000000000000000000000100000000000000001000000000000001100000000000000100000000000000000000000000000001100000000000000110000000000000011
45 0000000000000010000000000000010000000000000000010000000000000001000000000000000100000000000000010000000000000001000000000000001000000000000000010000000000000100000000000000000000000000000000100000000000000010000000000000000100000000000000110000000000000010
44 0000000000000010000000000000010000000000000000100000000000000010000000000000000100000000000000100000000000000010000000000000000000000000000000110000000000000000000000000000000100000000000000100000000000000001000000000000010000000000000000100000000000000011
43 0000000000000010000000000000001100000000000000000000000000000010000000000000000000000000000000100000000000000010000000000000010000000000000001000000000000000001000000000000001000000000000000110000000000000100000000000000000100000000000000000000000000000011
42 0000000000000011000000000000001000000000000000000000000000000001000000000000001000000000000000100000000000000001000000000000000100000000000000100000000000000010000000000000000000000000000000100000000000000000000000000000001000000000000000110000000000000011
41 0000000000000011000000000000000100000000000000100000000000000000000000000000000000000000000000010000000000000000000000000000000100000000000000100000000000000000000000000000001000000000000001000000000000000011000000000000000100000000000000110000000000000000
40 0000000000000011000000000000000000000000000001000000000000000011000000000000001100000000000000100000000000000001000000000000010000000000000000000000000000000001000000000000001000000000000000010000000000000100000000000000010000000000000000010000000000000000
39 0000000000000001000000000000000100000000000000000000000000000100000000000000001100000000000000110000000000000010000000000000001100000000000000100000000000000100000000000000010000000000000000000000000000000000000000000000001000000000000000010000000000000000
38 0000000000000000000000000000000000000000000000000000000000000100000000000000001000000000000000110000000000000000000000000000001100000000000000100000000000000011000000000000001100000000000000010000000000000001000000000000010000000000000000000000000000000000
37 0000000000000011000000000000000000000000000000000000000000000011000000000000001100000000000000000000000000000010000000000000001000000000000001000000000000000001000000000000001000000000000000000000000000000000000000000000000100000000000000110000000000000001
36 0000000000000010000000000000000100000000000000100000000000000010000000000000000100000000000000000000000000000011000000000000000000000000000001000000000000000100000000000000010000000000000001000000000000000001000000000000000000000000000000000000000000000011
35 0000000000000100000000000000010000000000000000000000000000000001000000000000000100000000000000010000000000000100000000000000000100000000000001000000000000000100000000000000001000000000000000100000000000000011000000000000000100000000000001000000000000000011
34 0000000000000011000000000000000000000000000000100000000000000100000000000000000000000000000001000000000000000001000000000000001100000000000000100000000000000001000000000000010000000000000000010000000000000100000000000000001100000000000000000000000000000011
33 0000000000000001000000000000001000000000000000100000000000000000000000000000000000000000000000110000000000000100000000000000010000000000000000010000000000000001000000000000001100000000000000000000000000000001000000000000001000000000000001000000000000000100
32 0000000000000100000000000000001100000000000000100000000000000000000000000000000100000000000000110000000000000001000000000000010000000000000000100000000000000001000000000000010000000000000000010000000000000010000000000000001100000000000001000000000000000001
31 0000000000000010000000000000010000000000000000010000000000000011000000000000000000000000000000010000000000000001000000000000000100000000000001000000000000000100000000000000001100000000000000000000000000000010000000000000010000000000000000010000000000000100
30 0000000000000001000000000000001000000000000000100000000000000000000000000000000000000000000000000000000000000011000000000000010000000000000000010000000000000001000000000000000000000000000001000000000000000011000000000000000000000000000000000000000000000010
29 0000000000000010000000000000001100000000000000100000000000000010000000000000000100000000000001000000000000000000000000000000001000000000000000100000000000000010000000000000010000000000000000110000000000000011000000000000001000000000000000000000000000000100
12 0000000000000010000000000000010000000000000001000000000000000001000000000000001100000000000000010000000000000011000000000000000000000000000000110000000000000100000000000000010000000000000000010000000000000100000000000000000000000000000000100000000000000001
11 0000000000000000000000000000001100000000000001000000000000000100000000000000000000000000000000110000000000000100000000000000000100000000000000010000000000000011000000000000010000000000000001000000000000000000000000000000001100000000000001000000000000000000
10 0000000000000100000000000000000000000000000000010000000000000011000000000000001100000000000000110000000000000000000000000000000000000000000000110000000000000010000000000000010000000000000000000000000000000010000000000000001000000000000000100000000000000001
9 0000000000000010000000000000001100000000000001000000000000000010000000000000001000000000000000010000000000000000000000000000000000000000000000010000000000000011000000000000001100000000000000000000000000000100000000000000000100000000000000100000000000000000
8 0000000000000010000000000000000100000000000000010000000000000001000000000000000000000000000000110000000000000001000000000000000100000000000000110000000000000100000000000000001100000000000000010000000000000000000000000000001000000000000000100000000000000011
7 0000000000000001000000000000000100000000000000100000000000000100000000000000001100000000000001000000000000000010000000000000010000000000000001000000000000000100000000000000000100000000000000100000000000000100000000000000000100000000000001000000000000000001
6 0000000000000001000000000000000100000000000000000000000000000010000000000000001100000000000001000000000000000011000000000000001000000000000000100000000000000001000000000000001000000000000000100000000000000000000000000000001100000000000000110000000000000000
5 0000000000000001000000000000001100000000000000100000000000000010000000000000001100000000000000010000000000000011000000000000001000000000000000000000000000000011000000000000000000000000000000000000000000000000000000000000000100000000000000010000000000000010
4 0000000000000001000000000000001100000000000001000000000000000001000000000000000000000000000000100000000000000011000000000000000000000000000000110000000000000011000000000000000100000000000000110000000000000000000000000000000000000000000000010000000000000100
3 0000000000000010000000000000010000000000000001000000000000000100000000000000000000000000000000110000000000000001000000000000001100000000000000110000000000000010000000000000010000000000000000010000000000000000000000000000001100000000000000110000000000000000
2 0000000000000001000000000000000000000000000000110000000000000100000000000000000100000000000001000000000000000010000000000000000000000000000000010000000000000001000000000000000000000000000000000000000000000001000000000000001000000000000000110000000000000011
1 0000000000000011000000000000000100000000000000110000000000000000000000000000000000000000000000100000000000000100000000000000000000000000000000010000000000000100000000000000000100000000000000110000000000000100000000000000000100000000000000000000000000000010
0 0000000000000011000000000000001100000000000000100000000000000001000000000000000100000000000001000000000000000010000000000000010000000000000000000000000000000011000000000000001000000000000000110000000000000001000000000000001000000000000000110000000000000011
13 0000000000000011000000000000010000000000000000000000000000000010000000000000000100000000000000100000000000000001000000000000001000000000000000100000000000000010000000000000000100000000000000010000000000000100000000000000001000000000000000000000000000000000
14 0000000000000100000000000000001000000000000001000000000000000010000000000000001100000000000000110000000000000011000000000000001000000000000000100000000000000000000000000000001000000000000000000000000000000001000000000000001000000000000000010000000000000000
15 0000000000000001000000000000000100000000000000100000000000000001000000000000001100000000000000010000000000000100000000000000000100000000000000100000000000000001000000000000001100000000000000000000000000000010000000000000000000000000000000100000000000000100
16 0000000000000100000000000000000100000000000000000000000000000010000000000000000000000000000000100000000000000011000000000000000000000000000000100000000000000011000000000000001000000000000000000000000000000000000000000000000000000000000000010000000000000011
17 0000000000000001000000000000000100000000000000100000000000000001000000000000010000000000000000010000000000000100000000000000000100000000000000110000000000000001000000000000000000000000000000000000000000000100000000000000001100000000000000100000000000000100
18 0000000000000000000000000000000000000000000000010000000000000100000000000000010000000000000001000000000000000010000000000000001000000000000000100000000000000100000000000000001000000000000000000000000000000000000000000000001000000000000000110000000000000000
19 0000000000000001000000000000001000000000000001000000000000000000000000000000000000000000000000010000000000000001000000000000001000000000000000100000000000000000000000000000001000000000000001000000000000000010000000000000010000000000000001000000000000000000
20 0000000000000001000000000000000100000000000001000000000000000001000000000000000100000000000000010000000000000011000000000000001000000000000000000000000000000010000000000000001100000000000000110000000000000100000000000000001100000000000000010000000000000010
21 0000000000000001000000000000001000000000000000010000000000000100000000000000010000000000000001000000000000000010000000000000000100000000000000110000000000000001000000000000000000000000000001000000000000000100000000000000001100000000000000100000000000000011
22 0000000000000001000000000000001100000000000000110000000000000001000000000000000000000000000000000000000000000010000000000000001100000000000000100000000000000100000000000000000000000000000000110000000000000010000000000000000100000000000000000000000000000010
23 0000000000000001000000000000000000000000000001000000000000000010000000000000010000000000000000100000000000000100000000000000000000000000000000010000000000000000000000000000000000000000000001000000000000000010000000000000001000000000000001000000000000000000
24 0000000000000100000000000000001000000000000001000000000000000011000000000000000000000000000000010000000000000000000000000000001000000000000001000000000000000100000000000000010000000000000000110000000000000010000000000000000000000000000000010000000000000001
25 0000000000000000000000000000000100000000000000010000000000000100000000000000010000000000000000010000000000000011000000000000000000000000000000000000000000000001000000000000001100000000000000000000000000000011000000000000001100000000000001000000000000000011
26 0000000000000000000000000000001100000000000000010000000000000000000000000000001000000000000000100000000000000000000000000000010000000000000000100000000000000100000000000000010000000000000000110000000000000011000000000000001000000000000000010000000000000000
27 0000000000000100000000000000001100000000000001000000000000000100000000000000001000000000000000110000000000000001000000000000000100000000000001000000000000000000000000000000000100000000000000100000000000000011000000000000000000000000000000110000000000000001
28 0000000000000010000000000000010000000000000000000000000000000100000000000000001000000000000000000000000000000010000000000000001000000000000000000000000000000000000000000000010000000000000000010000000000000011000000000000000000000000000000100000000000000011
