216 0000000000000100000000000000010000000000000001000000000000000011000000000000001100000000000000010000000000000100000000000000001100000000000001000000000000000100000000000000000000000000000000000000000000000000000000000000001100000000000000010000000000000100
215 0000000000000010000000000000010000000000000000010000000000000010000000000000000100000000000000100000000000000011000000000000010000000000000000110000000000000010000000000000001100000000000001000000000000000010000000000000001100000000000000110000000000000001
214 0000000000000001000000000000000100000000000000100000000000000100000000000000000100000000000000100000000000000001000000000000001000000000000000100000000000000001000000000000001000000000000000010000000000000100000000000000001000000000000000110000000000000011
213 0000000000000001000000000000001000000000000001000000000000000010000000000000000100000000000000010000000000000001000000000000010000000000000000100000000000000010000000000000000000000000000000010000000000000010000000000000000000000000000000100000000000000100
212 0000000000000010000000000000001000000000000000110000000000000010000000000000000000000000000000000000000000000000000000000000000100000000000000000000000000000010000000000000001000000000000001000000000000000001000000000000010000000000000001000000000000000010
211 0000000000000011000000000000001100000000000000010000000000000010000000000000000100000000000000010000000000000100000000000000000100000000000000000000000000000011000000000000000100000000000000010000000000000001000000000000001100000000000000010000000000000000
210 0000000000000010000000000000000100000000000000100000000000000100000000000000001100000000000000000000000000000001000000000000000000000000000000010000000000000001000000000000001100000000000000100000000000000001000000000000000100000000000000010000000000000100
209 0000000000000100000000000000010000000000000000110000000000000011000000000000000100000000000001000000000000000000000000000000001000000000000000000000000000000001000000000000010000000000000000010000000000000100000000000000001100000000000000000000000000000010
208 0000000000000011000000000000001000000000000000010000000000000000000000000000001000000000000000110000000000000000000000000000000100000000000000000000000000000010000000000000000100000000000001000000000000000100000000000000000100000000000000010000000000000001
207 0000000000000001000000000000001000000000000000110000000000000010000000000000010000000000000000010000000000000010000000000000001000000000000000000000000000000100000000000000001100000000000000010000000000000000000000000000001100000000000000010000000000000000
206 0000000000000010000000000000000000000000000000000000000000000100000000000000001100000000000000000000000000000000000000000000001100000000000000110000000000000011000000000000001100000000000000010000000000000011000000000000010000000000000000010000000000000011
205 0000000000000011000000000000000100000000000000000000000000000000000000000000010000000000000000010000000000000011000000000000010000000000000000110000000000000011000000000000001100000000000000110000000000000001000000000000010000000000000000000000000000000001
204 0000000000000010000000000000001100000000000001000000000000000000000000000000000000000000000000100000000000000000000000000000000000000000000001000000000000000011000000000000010000000000000000110000000000000100000000000000000000000000000000110000000000000001
203 0000000000000000000000000000000100000000000001000000000000000000000000000000001100000000000000110000000000000100000000000000000000000000000000100000000000000100000000000000000100000000000000100000000000000010000000000000001000000000000000100000000000000000
202 0000000000000000000000000000000000000000000000100000000000000011000000000000000000000000000000100000000000000000000000000000010000000000000000100000000000000100000000000000010000000000000000110000000000000010000000000000000000000000000001000000000000000000
201 0000000000000011000000000000000100000000000001000000000000000010000000000000000100000000000000110000000000000010000000000000001000000000000000100000000000000100000000000000000000000000000000000000000000000100000000000000000000000000000000000000000000000000
200 0000000000000100000000000000000000000000000000110000000000000001000000000000001100000000000000010000000000000011000000000000001100000000000000000000000000000100000000000000001000000000000000100000000000000001000000000000001100000000000001000000000000000100
199 0000000000000100000000000000010000000000000000110000000000000010000000000000000100000000000000110000000000000010000000000000000000000000000001000000000000000010000000000000001000000000000000100000000000000001000000000000000000000000000000100000000000000001
198 0000000000000000000000000000001000000000000000010000000000000100000000000000010000000000000000110000000000000100000000000000000100000000000000010000000000000001000000000000001000000000000000000000000000000010000000000000001100000000000000010000000000000010
197 0000000000000011000000000000010000000000000000100000000000000100000000000000010000000000000000000000000000000010000000000000000000000000000001000000000000000010000000000000000000000000000001000000000000000010000000000000001100000000000000110000000000000001
196 0000000000000011000000000000001000000000000000110000000000000001000000000000001000000000000000010000000000000011000000000000001100000000000001000000000000000100000000000000010000000000000001000000000000000000000000000000010000000000000000110000000000000010
195 0000000000000000000000000000001000000000000000010000000000000010000000000000001100000000000000000000000000000100000000000000000000000000000000000000000000000000000000000000010000000000000001000000000000000000000000000000000100000000000000010000000000000000
194 0000000000000000000000000000001000000000000000000000000000000010000000000000000100000000000001000000000000000100000000000000001100000000000000110000000000000011000000000000010000000000000000010000000000000100000000000000000000000000000000000000000000000011
193 0000000000000100000000000000000100000000000000100000000000000001000000000000000000000000000001000000000000000001000000000000001100000000000000110000000000000001000000000000001100000000000000000000000000000001000000000000010000000000000000100000000000000011
192 0000000000000011000000000000000100000000000000010000000000000011000000000000000100000000000001000000000000000001000000000000000000000000000001000000000000000100000000000000000100000000000000000000000000000001000000000000010000000000000000010000000000000000
191 0000000000000100000000000000000100000000000000110000000000000001000000000000001100000000000000110000000000000011000000000000001100000000000000000000000000000100000000000000000000000000000000110000000000000000000000000000010000000000000000000000000000000011
190 0000000000000000000000000000001000000000000000100000000000000100000000000000000000000000000000000000000000000010000000000000001100000000000000100000000000000010000000000000010000000000000001000000000000000010000000000000001000000000000000100000000000000011
189 0000000000000001000000000000001100000000000000010000000000000000000000000000001100000000000000110000000000000001000000000000001000000000000001000000000000000100000000000000000100000000000000000000000000000100000000000000001100000000000000010000000000000100
188 0000000000000010000000000000010000000000000000100000000000000100000000000000001100000000000000000000000000000100000000000000000100000000000001000000000000000000000000000000001000000000000000100000000000000100000000000000000100000000000000010000000000000100
187 0000000000000000000000000000001100000000000001000000000000000100000000000000001000000000000000000000000000000100000000000000000100000000000001000000000000000011000000000000010000000000000000110000000000000001000000000000000100000000000000100000000000000000
186 0000000000000100000000000000001000000000000000000000000000000100000000000000001100000000000000100000000000000100000000000000000000000000000000000000000000000000000000000000000100000000000000110000000000000100000000000000000100000000000000000000000000000100
185 0000000000000011000000000000001000000000000000000000000000000001000000000000000000000000000001000000000000000010000000000000000100000000000000100000000000000011000000000000010000000000000000110000000000000000000000000000000000000000000000000000000000000011
184 0000000000000001000000000000000100000000000000000000000000000001000000000000000100000000000001000000000000000100000000000000000000000000000001000000000000000010000000000000001100000000000001000000000000000011000000000000000100000000000000100000000000000010
183 0000000000000001000000000000000100000000000001000000000000000010000000000000000000000000000001000000000000000100000000000000001100000000000000010000000000000010000000000000000100000000000000000000000000000011000000000000001100000000000000110000000000000011
182 0000000000000000000000000000010000000000000000100000000000000100000000000000010000000000000001000000000000000001000000000000000000000000000001000000000000000000000000000000000000000000000000000000000000000010000000000000000100000000000000010000000000000010
181 0000000000000100000000000000000000000000000000110000000000000001000000000000000100000000000000000000000000000000000000000000000100000000000001000000000000000011000000000000001000000000000000110000000000000001000000000000001000000000000000000000000000000011
180 0000000000000100000000000000000100000000000000110000000000000010000000000000000000000000000001000000000000000000000000000000010000000000000000110000000000000001000000000000001000000000000000000000000000000010000000000000000100000000000001000000000000000010
179 0000000000000010000000000000000100000000000000010000000000000000000000000000000100000000000000000000000000000100000000000000001100000000000001000000000000000011000000000000001100000000000000110000000000000000000000000000010000000000000000110000000000000010
178 0000000000000100000000000000010000000000000000100000000000000100000000000000010000000000000000010000000000000010000000000000001000000000000001000000000000000011000000000000010000000000000000000000000000000100000000000000000100000000000001000000000000000010
177 0000000000000000000000000000010000000000000001000000000000000000000000000000001100000000000001000000000000000000000000000000000100000000000000100000000000000001000000000000001000000000000000110000000000000011000000000000010000000000000000100000000000000000
176 0000000000000011000000000000010000000000000000100000000000000001000000000000001000000000000000110000000000000001000000000000010000000000000000100000000000000001000000000000010000000000000000000000000000000001000000000000010000000000000000010000000000000100
175 0000000000000001000000000000000000000000000000110000000000000010000000000000000100000000000000100000000000000010000000000000001000000000000000110000000000000011000000000000010000000000000000110000000000000100000000000000001100000000000000110000000000000100
174 0000000000000100000000000000000100000000000000000000000000000011000000000000010000000000000000100000000000000011000000000000000100000000000000000000000000000100000000000000001000000000000000010000000000000001000000000000000100000000000001000000000000000100
173 0000000000000011000000000000010000000000000000110000000000000010000000000000010000000000000000100000000000000011000000000000010000000000000000110000000000000011000000000000001100000000000000110000000000000010000000000000010000000000000001000000000000000100
172 0000000000000010000000000000000100000000000000000000000000000001000000000000001000000000000000110000000000000010000000000000010000000000000000010000000000000001000000000000001000000000000000100000000000000000000000000000001100000000000001000000000000000001
171 0000000000000011000000000000010000000000000000100000000000000100000000000000001100000000000000100000000000000100000000000000001100000000000001000000000000000100000000000000010000000000000000110000000000000010000000000000000100000000000000110000000000000100
170 0000000000000100000000000000000000000000000001000000000000000011000000000000001000000000000000000000000000000000000000000000000100000000000000010000000000000001000000000000001100000000000001000000000000000011000000000000001100000000000000010000000000000011
169 0000000000000000000000000000001100000000000000000000000000000000000000000000000100000000000000110000000000000010000000000000000100000000000000010000000000000001000000000000001000000000000000010000000000000010000000000000001100000000000000000000000000000001
168 0000000000000010000000000000001100000000000000010000000000000100000000000000010000000000000000110000000000000011000000000000010000000000000000010000000000000000000000000000000100000000000000000000000000000000000000000000001100000000000000110000000000000000
167 0000000000000000000000000000000000000000000000000000000000000100000000000000000100000000000000010000000000000100000000000000001100000000000001000000000000000100000000000000000100000000000000010000000000000100000000000000000100000000000000110000000000000011
166 0000000000000100000000000000000000000000000000010000000000000011000000000000000000000000000000100000000000000011000000000000000100000000000000110000000000000010000000000000001000000000000000000000000000000001000000000000000000000000000000110000000000000000
165 0000000000000010000000000000010000000000000000110000000000000001000000000000000000000000000000000000000000000001000000000000000100000000000000110000000000000000000000000000000100000000000000000000000000000010000000000000001000000000000000000000000000000100
164 0000000000000011000000000000001100000000000001000000000000000100000000000000001000000000000001000000000000000100000000000000000100000000000000010000000000000100000000000000000000000000000001000000000000000011000000000000010000000000000000100000000000000000
163 0000000000000001000000000000001100000000000000000000000000000100000000000000000000000000000000010000000000000000000000000000001000000000000000100000000000000011000000000000001100000000000000010000000000000010000000000000001000000000000001000000000000000011
162 0000000000000100000000000000001100000000000000000000000000000001000000000000001100000000000001000000000000000100000000000000000000000000000000010000000000000001000000000000001000000000000000010000000000000010000000000000001100000000000000000000000000000010
161 0000000000000001000000000000000100000000000000100000000000000010000000000000010000000000000001000000000000000010000000000000010000000000000000010000000000000001000000000000000000000000000001000000000000000001000000000000000100000000000000010000000000000010
160 0000000000000011000000000000000100000000000000000000000000000011000000000000001100000000000000110000000000000011000000000000001100000000000000010000000000000011000000000000000000000000000000000000000000000000000000000000001000000000000000100000000000000100
159 0000000000000000000000000000001100000000000000110000000000000011000000000000001100000000000000010000000000000100000000000000000000000000000000110000000000000100000000000000000100000000000000110000000000000000000000000000000000000000000000000000000000000000
158 0000000000000010000000000000001000000000000000110000000000000011000000000000010000000000000001000000000000000000000000000000000100000000000000010000000000000001000000000000001100000000000000010000000000000100000000000000010000000000000001000000000000000010
157 0000000000000010000000000000000100000000000001000000000000000011000000000000000100000000000000000000000000000010000000000000001000000000000000010000000000000001000000000000001100000000000000000000000000000010000000000000000000000000000000000000000000000010
156 0000000000000011000000000000001100000000000000110000000000000011000000000000000100000000000000100000000000000001000000000000001100000000000000100000000000000011000000000000000000000000000000100000000000000000000000000000001000000000000000010000000000000100
155 0000000000000011000000000000010000000000000001000000000000000010000000000000000100000000000000010000000000000100000000000000000100000000000000110000000000000011000000000000001000000000000000110000000000000010000000000000001000000000000001000000000000000010
154 0000000000000000000000000000010000000000000000000000000000000000000000000000000000000000000000100000000000000011000000000000001100000000000000010000000000000010000000000000001100000000000000010000000000000010000000000000001000000000000000100000000000000100
153 0000000000000000000000000000000100000000000000110000000000000000000000000000001000000000000000010000000000000010000000000000001100000000000000110000000000000000000000000000010000000000000000110000000000000100000000000000000000000000000000000000000000000011
152 0000000000000010000000000000001100000000000000100000000000000000000000000000000100000000000001000000000000000100000000000000001100000000000000110000000000000100000000000000001100000000000000010000000000000010000000000000010000000000000000010000000000000011
151 0000000000000100000000000000001000000000000000110000000000000010000000000000000000000000000000010000000000000011000000000000000000000000000001000000000000000100000000000000000100000000000000010000000000000001000000000000001000000000000001000000000000000010
150 0000000000000010000000000000000100000000000000000000000000000000000000000000000100000000000000110000000000000000000000000000000100000000000000100000000000000010000000000000001100000000000000010000000000000000000000000000010000000000000000000000000000000100
149 0000000000000100000000000000000100000000000001000000000000000000000000000000000000000000000001000000000000000010000000000000001000000000000000010000000000000010000000000000000000000000000000100000000000000000000000000000000100000000000000010000000000000100
148 0000000000000000000000000000000000000000000000000000000000000010000000000000000100000000000000100000000000000001000000000000001100000000000000100000000000000100000000000000000100000000000000110000000000000010000000000000010000000000000000110000000000000100
147 0000000000000100000000000000000000000000000000000000000000000011000000000000000000000000000000110000000000000000000000000000001000000000000000100000000000000010000000000000000000000000000000000000000000000100000000000000000100000000000001000000000000000010
146 0000000000000001000000000000001100000000000000010000000000000011000000000000000000000000000001000000000000000000000000000000001000000000000000000000000000000010000000000000001100000000000000110000000000000000000000000000001100000000000000100000000000000100
145 0000000000000010000000000000001000000000000000110000000000000001000000000000000100000000000000000000000000000010000000000000000100000000000000010000000000000100000000000000010000000000000000010000000000000011000000000000000100000000000001000000000000000001
144 0000000000000001000000000000001000000000000000000000000000000001000000000000010000000000000000110000000000000010000000000000001000000000000000100000000000000100000000000000010000000000000001000000000000000100000000000000000000000000000000010000000000000001
143 0000000000000000000000000000000000000000000001000000000000000000000000000000001000000000000000010000000000000000000000000000000000000000000001000000000000000011000000000000001000000000000001000000000000000011000000000000001000000000000001000000000000000000
142 0000000000000000000000000000001000000000000001000000000000000010000000000000010000000000000000100000000000000001000000000000000100000000000000110000000000000100000000000000001100000000000000100000000000000100000000000000001100000000000000000000000000000011
141 0000000000000001000000000000000100000000000000110000000000000010000000000000000000000000000001000000000000000000000000000000001000000000000000000000000000000000000000000000000000000000000000110000000000000100000000000000001000000000000001000000000000000011
140 0000000000000000000000000000000100000000000001000000000000000011000000000000001000000000000000100000000000000011000000000000010000000000000000100000000000000010000000000000001000000000000001000000000000000010000000000000001000000000000000000000000000000010
139 0000000000000100000000000000001100000000000000010000000000000010000000000000010000000000000000000000000000000010000000000000000000000000000000010000000000000001000000000000001000000000000001000000000000000100000000000000001000000000000000110000000000000010
138 0000000000000010000000000000000000000000000000000000000000000001000000000000001000000000000000110000000000000010000000000000001100000000000000000000000000000010000000000000001100000000000000100000000000000001000000000000000000000000000000010000000000000001
137 0000000000000010000000000000010000000000000000110000000000000001000000000000010000000000000000000000000000000011000000000000010000000000000000100000000000000010000000000000000100000000000000100000000000000000000000000000000100000000000000010000000000000100
136 0000000000000011000000000000000000000000000001000000000000000010000000000000001100000000000001000000000000000000000000000000000100000000000001000000000000000001000000000000000100000000000000110000000000000010000000000000010000000000000000110000000000000100
135 0000000000000000000000000000001100000000000000110000000000000010000000000000000100000000000001000000000000000011000000000000010000000000000000100000000000000011000000000000010000000000000000000000000000000011000000000000010000000000000000000000000000000100
134 0000000000000000000000000000001000000000000000100000000000000010000000000000001100000000000000010000000000000100000000000000010000000000000001000000000000000000000000000000000000000000000000010000000000000010000000000000000000000000000000010000000000000011
133 0000000000000100000000000000010000000000000001000000000000000010000000000000000100000000000000110000000000000011000000000000000000000000000000000000000000000100000000000000000000000000000000100000000000000010000000000000000100000000000000100000000000000011
132 0000000000000010000000000000001100000000000000000000000000000100000000000000001000000000000000100000000000000100000000000000000000000000000000010000000000000011000000000000000000000000000001000000000000000011000000000000000000000000000001000000000000000010
131 0000000000000000000000000000001100000000000000010000000000000100000000000000001100000000000001000000000000000000000000000000001100000000000000000000000000000010000000000000000000000000000000100000000000000010000000000000000100000000000000100000000000000010
130 0000000000000100000000000000000100000000000000110000000000000010000000000000000100000000000001000000000000000000000000000000001000000000000000100000000000000011000000000000000000000000000000010000000000000100000000000000000000000000000001000000000000000001
129 0000000000000000000000000000001000000000000001000000000000000000000000000000010000000000000000010000000000000001000000000000000000000000000000000000000000000011000000000000000000000000000000100000000000000000000000000000010000000000000001000000000000000010
128 0000000000000100000000000000001000000000000000000000000000000100000000000000000100000000000001000000000000000010000000000000000100000000000001000000000000000010000000000000001000000000000000010000000000000000000000000000010000000000000000010000000000000010
127 0000000000000011000000000000000100000000000000100000000000000001000000000000000100000000000000100000000000000011000000000000000000000000000000010000000000000000000000000000001100000000000000110000000000000000000000000000000100000000000000000000000000000000
58 0000000000000010000000000000000100000000000000010000000000000011000000000000000100000000000001000000000000000001000000000000001000000000000000010000000000000010000000000000000100000000000000000000000000000001000000000000000100000000000000110000000000000000
57 0000000000000010000000000000000100000000000001000000000000000100000000000000000000000000000001000000000000000011000000000000000000000000000000000000000000000000000000000000001100000000000000100000000000000001000000000000000100000000000000000000000000000011
56 0000000000000000000000000000000000000000000000000000000000000001000000000000001000000000000000100000000000000001000000000000010000000000000000010000000000000000000000000000000000000000000000110000000000000010000000000000001000000000000000010000000000000011
55 0000000000000001000000000000001100000000000001000000000000000100000000000000000100000000000000110000000000000000000000000000000100000000000000110000000000000010000000000000000100000000000000010000000000000100000000000000001100000000000000110000000000000011
54 0000000000000011000000000000000000000000000000000000000000000001000000000000000100000000000001000000000000000100000000000000000000000000000000010000000000000011000000000000001000000000000001000000000000000001000000000000000000000000000000100000000000000100
53 0000000000000000000000000000000000000000000001000000000000000000000000000000001100000000000000010000000000000011000000000000000000000000000000100000000000000011000000000000000000000000000000010000000000000000000000000000001100000000000000110000000000000000
52 0000000000000010000000000000010000000000000000010000000000000001000000000000001100000000000000010000000000000001000000000000001000000000000000100000000000000010000000000000000000000000000001000000000000000011000000000000000100000000000000000000000000000000
51 0000000000000000000000000000000100000000000000100000000000000010000000000000001100000000000001000000000000000011000000000000010000000000000000110000000000000010000000000000001100000000000000110000000000000100000000000000001100000000000000110000000000000001
50 0000000000000100000000000000001100000000000000110000000000000001000000000000010000000000000001000000000000000000000000000000000000000000000000010000000000000011000000000000010000000000000000110000000000000100000000000000000100000000000000110000000000000011
49 0000000000000011000000000000000000000000000000100000000000000010000000000000000100000000000000000000000000000001000000000000001100000000000000110000000000000100000000000000010000000000000000010000000000000010000000000000001100000000000000110000000000000011
48 0000000000000011000000000000001000000000000001000000000000000010000000000000001000000000000000010000000000000001000000000000001100000000000000100000000000000001000000000000001100000000000000010000000000000011000000000000000000000000000000000000000000000100
47 0000000000000100000000000000000000000000000000000000000000000000000000000000001000000000000000000000000000000010000000000000000000000000000000000000000000000100000000000000001100000000000000010000000000000000000000000000010000000000000001000000000000000100
46 0000000000000100000000000000000000000000000000010000000000000010000000000000010000000000000000110000000000000010000000000000000100000000000000000000000000000011000000000000001100000000000001000000000000000100000000000000001100000000000000010000000000000100
45 0000000000000011000000000000001100000000000000010000000000000001000000000000010000000000000000110000000000000000000000000000010000000000000001000000000000000100000000000000001000000000000000000000000000000010000000000000001000000000000000110000000000000010
44 0000000000000001000000000000000100000000000000110000000000000000000000000000000000000000000001000000000000000001000000000000000100000000000000100000000000000011000000000000000100000000000000000000000000000000000000000000001100000000000000000000000000000001
43 0000000000000100000000000000001100000000000001000000000000000011000000000000010000000000000001000000000000000000000000000000001100000000000000010000000000000011000000000000001000000000000000110000000000000000000000000000000000000000000000100000000000000001
42 0000000000000011000000000000001100000000000000100000000000000100000000000000000000000000000000110000000000000000000000000000001000000000000000100000000000000011000000000000010000000000000000100000000000000010000000000000000000000000000000000000000000000011
41 0000000000000100000000000000010000000000000000010000000000000000000000000000001100000000000000100000000000000100000000000000000100000000000000000000000000000100000000000000000100000000000001000000000000000000000000000000001100000000000000010000000000000100
40 0000000000000001000000000000010000000000000000100000000000000011000000000000001100000000000000100000000000000000000000000000001100000000000001000000000000000100000000000000000100000000000000110000000000000011000000000000000100000000000000000000000000000100
39 0000000000000100000000000000010000000000000001000000000000000000000000000000010000000000000000000000000000000100000000000000000100000000000001000000000000000011000000000000000100000000000001000000000000000000000000000000001000000000000001000000000000000010
38 0000000000000001000000000000000000000000000000010000000000000011000000000000001100000000000000010000000000000010000000000000000000000000000001000000000000000011000000000000000100000000000001000000000000000100000000000000000000000000000000000000000000000100
37 0000000000000011000000000000001000000000000000000000000000000011000000000000000000000000000001000000000000000011000000000000001100000000000000100000000000000100000000000000001000000000000000010000000000000001000000000000010000000000000000010000000000000001
36 0000000000000010000000000000001100000000000001000000000000000000000000000000001000000000000000110000000000000010000000000000010000000000000000100000000000000001000000000000001000000000000000000000000000000000000000000000000100000000000000100000000000000100
35 0000000000000001000000000000000100000000000000110000000000000000000000000000001000000000000001000000000000000100000000000000010000000000000000110000000000000011000000000000001000000000000000110000000000000001000000000000001100000000000000000000000000000000
34 0000000000000100000000000000000000000000000000110000000000000010000000000000010000000000000000010000000000000000000000000000000000000000000000110000000000000100000000000000001100000000000000010000000000000010000000000000000100000000000000010000000000000001
33 0000000000000010000000000000010000000000000000010000000000000000000000000000010000000000000000000000000000000010000000000000001100000000000000100000000000000100000000000000001100000000000001000000000000000010000000000000001000000000000001000000000000000001
32 0000000000000100000000000000001000000000000000000000000000000100000000000000000000000000000000110000000000000000000000000000001000000000000000100000000000000010000000000000001100000000000000010000000000000010000000000000010000000000000000110000000000000001
31 0000000000000011000000000000000000000000000000110000000000000100000000000000001100000000000000010000000000000000000000000000000000000000000000010000000000000011000000000000001100000000000000010000000000000011000000000000001000000000000001000000000000000100
30 0000000000000000000000000000000000000000000000100000000000000011000000000000000100000000000000110000000000000010000000000000010000000000000000000000000000000011000000000000001000000000000000110000000000000100000000000000001100000000000000110000000000000100
29 0000000000000010000000000000000000000000000000100000000000000001000000000000010000000000000000010000000000000000000000000000001100000000000000000000000000000001000000000000000000000000000000100000000000000010000000000000010000000000000000100000000000000010
12 0000000000000011000000000000001100000000000000010000000000000010000000000000001100000000000000010000000000000010000000000000001100000000000001000000000000000000000000000000001100000000000001000000000000000001000000000000001000000000000000010000000000000100
11 0000000000000100000000000000001100000000000001000000000000000010000000000000000100000000000000010000000000000100000000000000000000000000000000010000000000000010000000000000000000000000000001000000000000000010000000000000000000000000000000100000000000000100
10 0000000000000010000000000000001100000000000000100000000000000000000000000000000000000000000000100000000000000010000000000000000000000000000000100000000000000100000000000000001100000000000000000000000000000011000000000000000100000000000001000000000000000100
9 0000000000000010000000000000000100000000000000010000000000000100000000000000001100000000000000000000000000000010000000000000001000000000000001000000000000000000000000000000000000000000000000110000000000000000000000000000001000000000000000010000000000000000
8 0000000000000011000000000000001100000000000000110000000000000100000000000000001000000000000000110000000000000000000000000000001000000000000000110000000000000000000000000000000000000000000000100000000000000100000000000000000100000000000000010000000000000001
7 0000000000000011000000000000000000000000000001000000000000000001000000000000000100000000000000100000000000000000000000000000000100000000000000110000000000000011000000000000000000000000000000000000000000000010000000000000000100000000000000100000000000000011
6 0000000000000001000000000000001000000000000000100000000000000000000000000000001100000000000000000000000000000000000000000000000100000000000000010000000000000100000000000000001100000000000000010000000000000000000000000000000100000000000001000000000000000010
5 0000000000000010000000000000001000000000000001000000000000000000000000000000001000000000000000100000000000000100000000000000001000000000000001000000000000000100000000000000000100000000000000110000000000000000000000000000001000000000000001000000000000000100
4 0000000000000100000000000000000100000000000000000000000000000001000000000000001000000000000000000000000000000001000000000000001100000000000000100000000000000010000000000000010000000000000000110000000000000011000000000000001000000000000000010000000000000000
3 0000000000000011000000000000001000000000000000010000000000000010000000000000001100000000000000110000000000000001000000000000001100000000000001000000000000000010000000000000001000000000000001000000000000000011000000000000001100000000000001000000000000000011
2 0000000000000010000000000000010000000000000000110000000000000010000000000000000100000000000000010000000000000011000000000000001000000000000001000000000000000000000000000000000100000000000000010000000000000001000000000000010000000000000001000000000000000100
1 0000000000000100000000000000000100000000000000010000000000000010000000000000010000000000000000100000000000000100000000000000001100000000000001000000000000000100000000000000000000000000000000110000000000000100000000000000010000000000000000100000000000000010
0 0000000000000001000000000000001000000000000001000000000000000100000000000000001000000000000000010000000000000000000000000000000100000000000001000000000000000010000000000000010000000000000000000000000000000000000000000000000100000000000000100000000000000100
13 0000000000000010000000000000010000000000000000010000000000000001000000000000000000000000000000110000000000000001000000000000000100000000000000000000000000000000000000000000000100000000000000000000000000000010000000000000001000000000000000110000000000000011
14 0000000000000011000000000000001100000000000001000000000000000011000000000000000000000000000000010000000000000001000000000000001100000000000000000000000000000000000000000000001100000000000000100000000000000011000000000000001100000000000001000000000000000100
15 0000000000000011000000000000001000000000000001000000000000000100000000000000000000000000000000100000000000000000000000000000001000000000000000000000000000000010000000000000001100000000000001000000000000000100000000000000001100000000000000100000000000000100
16 0000000000000011000000000000001100000000000000100000000000000100000000000000001000000000000000100000000000000011000000000000001000000000000000000000000000000000000000000000010000000000000000000000000000000010000000000000010000000000000000100000000000000011
17 0000000000000010000000000000010000000000000000100000000000000010000000000000000100000000000000110000000000000011000000000000001000000000000000110000000000000001000000000000010000000000000000010000000000000100000000000000001000000000000000010000000000000000
18 0000000000000100000000000000001000000000000001000000000000000100000000000000010000000000000000010000000000000010000000000000000000000000000001000000000000000010000000000000001000000000000001000000000000000010000000000000000000000000000000110000000000000100
19 0000000000000010000000000000001000000000000000100000000000000000000000000000010000000000000000010000000000000011000000000000001000000000000000000000000000000010000000000000000100000000000000110000000000000100000000000000000000000000000000010000000000000010
20 0000000000000100000000000000000100000000000001000000000000000001000000000000001000000000000000000000000000000000000000000000000000000000000000010000000000000001000000000000001100000000000000010000000000000010000000000000010000000000000001000000000000000001
21 0000000000000100000000000000000000000000000000010000000000000001000000000000001100000000000001000000000000000011000000000000000000000000000000100000000000000000000000000000001000000000000000000000000000000011000000000000001100000000000000100000000000000000
22 0000000000000100000000000000000000000000000000100000000000000010000000000000000100000000000001000000000000000011000000000000000000000000000000100000000000000001000000000000000000000000000001000000000000000011000000000000000100000000000001000000000000000010
23 0000000000000000000000000000000100000000000000000000000000000001000000000000001000000000000000000000000000000011000000000000000100000000000000100000000000000100000000000000000000000000000000000000000000000010000000000000000000000000000000000000000000000100
24 0000000000000011000000000000000000000000000000000000000000000001000000000000000000000000000000110000000000000100000000000000000100000000000001000000000000000000000000000000000100000000000001000000000000000011000000000000000000000000000001000000000000000001
25 0000000000000010000000000000000100000000000000000000000000000011000000000000000000000000000000100000000000000001000000000000001000000000000000110000000000000000000000000000000100000000000000100000000000000011000000000000000000000000000000000000000000000011
26 0000000000000100000000000000010000000000000001000000000000000001000000000000010000000000000000100000000000000001000000000000001100000000000000010000000000000001000000000000001000000000000000000000000000000100000000000000000000000000000000010000000000000000
27 0000000000000001000000000000001100000000000000000000000000000100000000000000000100000000000001000000000000000011000000000000000100000000000000100000000000000001000000000000000000000000000000000000000000000000000000000000001000000000000000010000000000000001
28 0000000000000011000000000000001000000000000000110000000000000000000000000000001100000000000001000000000000000001000000000000010000000000000000100000000000000010000000000000001100000000000001000000000000000100000000000000001000000000000000000000000000000100
59 0000000000000100000000000000000000000000000000110000000000000010000000000000000000000000000000000000000000000010000000000000000100000000000000110000000000000011000000000000000000000000000000110000000000000001000000000000000000000000000000100000000000000010
60 0000000000000001000000000000000000000000000000110000000000000010000000000000000100000000000000000000000000000001000000000000001100000000000001000000000000000000000000000000010000000000000000000000000000000011000000000000000000000000000000010000000000000011
61 0000000000000100000000000000000100000000000001000000000000000000000000000000010000000000000000100000000000000010000000000000001000000000000000010000000000000001000000000000001100000000000000110000000000000001000000000000010000000000000000010000000000000011
62 0000000000000011000000000000001100000000000000000000000000000000000000000000000000000000000001000000000000000001000000000000000000000000000000010000000000000100000000000000010000000000000000110000000000000010000000000000010000000000000000010000000000000010
63 0000000000000011000000000000001100000000000000000000000000000001000000000000001000000000000001000000000000000010000000000000010000000000000000100000000000000011000000000000001000000000000000000000000000000001000000000000000100000000000000000000000000000001
64 0000000000000010000000000000000000000000000000100000000000000001000000000000000000000000000000010000000000000100000000000000000000000000000000010000000000000100000000000000010000000000000001000000000000000001000000000000001100000000000000100000000000000011
65 0000000000000011000000000000010000000000000001000000000000000010000000000000001100000000000001000000000000000010000000000000001000000000000000000000000000000001000000000000001100000000000001000000000000000010000000000000000000000000000000010000000000000010
66 0000000000000010000000000000001000000000000000110000000000000000000000000000001100000000000000110000000000000011000000000000001000000000000000000000000000000100000000000000000100000000000000110000000000000011000000000000000100000000000001000000000000000100
67 0000000000000011000000000000010000000000000000100000000000000100000000000000000100000000000000010000000000000000000000000000001000000000000000000000000000000011000000000000010000000000000000110000000000000001000000000000000100000000000000100000000000000010
68 0000000000000100000000000000000000000000000000000000000000000010000000000000000100000000000000010000000000000001000000000000000100000000000000110000000000000011000000000000001100000000000001000000000000000011000000000000000100000000000000010000000000000011
69 0000000000000000000000000000001000000000000000000000000000000010000000000000010000000000000000010000000000000011000000000000001000000000000001000000000000000010000000000000001000000000000000100000000000000100000000000000001000000000000000010000000000000100
70 0000000000000010000000000000000000000000000000110000000000000010000000000000000100000000000000110000000000000000000000000000001000000000000000000000000000000010000000000000001100000000000001000000000000000100000000000000001100000000000000010000000000000011
71 0000000000000010000000000000001000000000000000010000000000000001000000000000001000000000000000100000000000000001000000000000001100000000000000110000000000000011000000000000001100000000000000110000000000000011000000000000000100000000000001000000000000000001
72 0000000000000100000000000000000000000000000000000000000000000011000000000000000100000000000000110000000000000011000000000000001100000000000000000000000000000000000000000000000100000000000000110000000000000011000000000000001100000000000000100000000000000010
73 0000000000000000000000000000010000000000000001000000000000000001000000000000001000000000000000000000000000000100000000000000010000000000000000100000000000000000000000000000001100000000000000100000000000000010000000000000001100000000000000110000000000000100
74 0000000000000011000000000000000000000000000001000000000000000010000000000000000000000000000000100000000000000010000000000000001000000000000000010000000000000100000000000000000100000000000000010000000000000010000000000000010000000000000000110000000000000100
75 0000000000000000000000000000001100000000000000110000000000000001000000000000001000000000000000010000000000000001000000000000010000000000000001000000000000000100000000000000000000000000000000110000000000000000000000000000001000000000000000000000000000000011
76 0000000000000100000000000000000100000000000000100000000000000001000000000000000100000000000000000000000000000000000000000000001000000000000001000000000000000010000000000000000000000000000000100000000000000001000000000000010000000000000001000000000000000011
77 0000000000000000000000000000000000000000000000100000000000000010000000000000001100000000000001000000000000000010000000000000001000000000000000000000000000000001000000000000000100000000000000000000000000000010000000000000010000000000000000110000000000000010
78 0000000000000001000000000000001000000000000000100000000000000100000000000000001000000000000000010000000000000010000000000000000100000000000000110000000000000000000000000000010000000000000001000000000000000001000000000000000100000000000001000000000000000011
79 0000000000000011000000000000010000000000000000000000000000000100000000000000000100000000000001000000000000000000000000000000010000000000000001000000000000000000000000000000010000000000000001000000000000000011000000000000001100000000000000110000000000000011
80 0000000000000010000000000000010000000000000001000000000000000010000000000000001000000000000000100000000000000000000000000000000100000000000000100000000000000011000000000000001100000000000000010000000000000011000000000000000100000000000000000000000000000001
81 0000000000000011000000000000001100000000000000100000000000000001000000000000001100000000000000110000000000000100000000000000000100000000000000100000000000000000000000000000000100000000000000010000000000000001000000000000000100000000000001000000000000000100
82 0000000000000001000000000000001100000000000000010000000000000010000000000000000100000000000000000000000000000001000000000000000100000000000000100000000000000100000000000000000100000000000001000000000000000001000000000000000100000000000001000000000000000000
83 0000000000000000000000000000000000000000000000100000000000000011000000000000000000000000000001000000000000000001000000000000010000000000000000010000000000000000000000000000010000000000000000110000000000000011000000000000001000000000000001000000000000000000
84 0000000000000001000000000000000100000000000000000000000000000000000000000000001100000000000001000000000000000100000000000000000100000000000000110000000000000010000000000000001100000000000000000000000000000000000000000000001000000000000000110000000000000011
85 0000000000000010000000000000010000000000000000010000000000000010000000000000001100000000000001000000000000000010000000000000001100000000000000010000000000000001000000000000001000000000000000000000000000000100000000000000000100000000000000010000000000000001
86 0000000000000011000000000000000000000000000000000000000000000010000000000000001000000000000000100000000000000010000000000000000100000000000000100000000000000000000000000000001000000000000000010000000000000010000000000000001000000000000000110000000000000000
87 0000000000000010000000000000000000000000000000110000000000000000000000000000001000000000000001000000000000000011000000000000000000000000000000110000000000000100000000000000000100000000000000000000000000000001000000000000000000000000000000010000000000000011
88 0000000000000011000000000000010000000000000000100000000000000010000000000000001100000000000000100000000000000010000000000000000100000000000000110000000000000011000000000000010000000000000000010000000000000100000000000000010000000000000001000000000000000001
89 0000000000000011000000000000000100000000000000100000000000000000000000000000010000000000000000100000000000000000000000000000001000000000000000100000000000000001000000000000001100000000000000100000000000000001000000000000010000000000000001000000000000000000
90 0000000000000001000000000000001000000000000001000000000000000001000000000000010000000000000000000000000000000010000000000000010000000000000000000000000000000000000000000000001000000000000000010000000000000000000000000000001000000000000000100000000000000011
91 0000000000000100000000000000001000000000000000100000000000000001000000000000010000000000000001000000000000000100000000000000000100000000000000110000000000000000000000000000000100000000000001000000000000000010000000000000010000000000000000010000000000000000
92 0000000000000000000000000000001100000000000000000000000000000000000000000000000100000000000000110000000000000011000000000000001100000000000001000000000000000011000000000000000100000000000001000000000000000011000000000000000100000000000000100000000000000100
93 0000000000000001000000000000001100000000000000100000000000000000000000000000001000000000000000110000000000000010000000000000010000000000000001000000000000000011000000000000000000000000000000000000000000000010000000000000001100000000000000100000000000000001
94 0000000000000001000000000000001100000000000000000000000000000011000000000000001100000000000000000000000000000011000000000000001100000000000001000000000000000011000000000000001000000000000000110000000000000100000000000000010000000000000000000000000000000100
95 0000000000000011000000000000000100000000000000100000000000000010000000000000000000000000000000110000000000000100000000000000001100000000000001000000000000000001000000000000001100000000000000000000000000000000000000000000000000000000000000110000000000000000
96 0000000000000100000000000000000100000000000000100000000000000100000000000000001100000000000000010000000000000100000000000000000000000000000000110000000000000011000000000000001000000000000000000000000000000010000000000000001000000000000000010000000000000100
97 0000000000000001000000000000001000000000000000100000000000000010000000000000010000000000000000000000000000000011000000000000000000000000000000000000000000000100000000000000001100000000000000100000000000000011000000000000001000000000000000100000000000000010
98 0000000000000100000000000000000100000000000000100000000000000001000000000000010000000000000000000000000000000010000000000000001100000000000000000000000000000100000000000000010000000000000001000000000000000000000000000000000000000000000000000000000000000000
99 0000000000000010000000000000000100000000000000100000000000000000000000000000001100000000000000100000000000000011000000000000000100000000000000110000000000000001000000000000001100000000000000110000000000000011000000000000010000000000000000110000000000000001
100 0000000000000001000000000000000100000000000000000000000000000011000000000000000000000000000001000000000000000001000000000000001100000000000000110000000000000011000000000000010000000000000000110000000000000011000000000000001100000000000001000000000000000100
101 0000000000000011000000000000001100000000000001000000000000000100000000000000000000000000000000100000000000000000000000000000001100000000000000100000000000000010000000000000010000000000000000110000000000000010000000000000000100000000000000000000000000000011
102 0000000000000011000000000000000100000000000000010000000000000011000000000000001100000000000000000000000000000010000000000000001100000000000000000000000000000011000000000000001000000000000000100000000000000011000000000000000100000000000000010000000000000011
103 0000000000000010000000000000010000000000000000110000000000000010000000000000000100000000000000000000000000000001000000000000001000000000000000000000000000000100000000000000000000000000000000100000000000000010000000000000000000000000000000100000000000000001
104 0000000000000001000000000000010000000000000000000000000000000000000000000000000100000000000001000000000000000001000000000000000100000000000001000000000000000100000000000000001100000000000000010000000000000011000000000000000000000000000000100000000000000001
105 0000000000000011000000000000001100000000000000010000000000000000000000000000000000000000000000000000000000000100000000000000000100000000000001000000000000000100000000000000010000000000000000100000000000000010000000000000000000000000000000100000000000000011
106 0000000000000000000000000000000000000000000000100000000000000000000000000000000100000000000000110000000000000000000000000000000100000000000000100000000000000011000000000000001100000000000001000000000000000010000000000000001000000000000000110000000000000000
107 0000000000000001000000000000001100000000000000010000000000000000000000000000000000000000000000110000000000000010000000000000001100000000000000110000000000000000000000000000000100000000000000000000000000000001000000000000001000000000000000000000000000000100
108 0000000000000000000000000000000100000000000000100000000000000000000000000000000100000000000000000000000000000011000000000000001100000000000001000000000000000011000000000000001100000000000000100000000000000001000000000000000000000000000000100000000000000010
109 0000000000000100000000000000000000000000000000000000000000000010000000000000010000000000000001000000000000000011000000000000001100000000000001000000000000000011000000000000010000000000000001000000000000000000000000000000000100000000000000010000000000000011
110 0000000000000001000000000000001000000000000000000000000000000011000000000000000000000000000000100000000000000000000000000000000000000000000000010000000000000011000000000000001000000000000000000000000000000010000000000000001000000000000000000000000000000100
111 0000000000000001000000000000010000000000000001000000000000000010000000000000001100000000000001000000000000000010000000000000000100000000000000110000000000000010000000000000000100000000000000000000000000000011000000000000001100000000000000010000000000000001
112 0000000000000000000000000000000000000000000000100000000000000001000000000000010000000000000000110000000000000100000000000000010000000000000000100000000000000010000000000000001100000000000000000000000000000100000000000000000000000000000000110000000000000001
113 0000000000000011000000000000000000000000000001000000000000000000000000000000000100000000000000000000000000000011000000000000001000000000000001000000000000000100000000000000000000000000000000010000000000000011000000000000001100000000000000110000000000000011
114 0000000000000001000000000000010000000000000000110000000000000010000000000000010000000000000000010000000000000000000000000000001000000000000000100000000000000000000000000000000100000000000000010000000000000000000000000000010000000000000000000000000000000000
115 0000000000000010000000000000000100000000000000000000000000000010000000000000001100000000000000000000000000000000000000000000000100000000000000100000000000000000000000000000000000000000000001000000000000000100000000000000000100000000000000100000000000000011
116 0000000000000011000000000000001100000000000000100000000000000000000000000000001000000000000000010000000000000010000000000000010000000000000000000000000000000001000000000000010000000000000000100000000000000100000000000000010000000000000000010000000000000011
117 0000000000000011000000000000000100000000000001000000000000000000000000000000010000000000000000110000000000000011000000000000001000000000000000000000000000000010000000000000010000000000000000100000000000000011000000000000010000000000000001000000000000000100
118 0000000000000011000000000000010000000000000000010000000000000010000000000000010000000000000000010000000000000000000000000000001000000000000001000000000000000100000000000000001100000000000000000000000000000010000000000000001000000000000000000000000000000010
119 0000000000000100000000000000001000000000000001000000000000000100000000000000001100000000000000110000000000000000000000000000001100000000000000100000000000000010000000000000001100000000000000000000000000000000000000000000001100000000000000110000000000000011
120 0000000000000011000000000000010000000000000000110000000000000000000000000000010000000000000001000000000000000001000000000000000000000000000001000000000000000011000000000000000000000000000000000000000000000001000000000000000100000000000001000000000000000001
121 0000000000000011000000000000001000000000000000110000000000000010000000000000001100000000000001000000000000000011000000000000001000000000000000000000000000000011000000000000001000000000000000100000000000000001000000000000000000000000000000100000000000000100
122 0000000000000100000000000000001100000000000000100000000000000000000000000000000000000000000000110000000000000000000000000000001100000000000000100000000000000001000000000000001000000000000000000000000000000100000000000000001000000000000000000000000000000010
123 0000000000000011000000000000001100000000000001000000000000000100000000000000001000000000000000000000000000000001000000000000001100000000000000010000000000000000000000000000000000000000000000100000000000000100000000000000001000000000000000000000000000000010
124 0000000000000000000000000000000000000000000000000000000000000011000000000000001100000000000000000000000000000011000000000000000100000000000001000000000000000000000000000000000100000000000001000000000000000010000000000000001100000000000000100000000000000000
125 0000000000000000000000000000000000000000000000110000000000000011000000000000000100000000000000110000000000000010000000000000001000000000000000110000000000000000000000000000000100000000000000110000000000000011000000000000010000000000000000100000000000000001
126 0000000000000001000000000000000000000000000000100000000000000011000000000000001100000000000000100000000000000010000000000000000000000000000000100000000000000000000000000000000000000000000000010000000000000001000000000000001100000000000000000000000000000000
