0 0000000001000100000000000010011000000000000110100000000000100000000000000011110000000000001000100000000000100111000000000010101000000000001111000000000000110101000000000010000000000000001001100000000000100110000000000010111000000000000111100000000000011110
1 0000000000110000000000000011010100000000001011000000000000100101000000000001010100000000000011000000000000100111000000000001100100000000000111010000000000011110000000000010010000000000001001100000000000011100000000000010010100000000001010000000000000111001
2 0000000000101010000000000010110000000000001011110000000000100011000000000010111100000000001000000000000000011110000000000010101000000000000111010000000000011111000000000010010100000000001011000000000000101010000000000010001000000000001001110000000000101011
3 0000000000000000000000000000000000000000000000000000000000000000000000000000000000000000000000000000000000000000000000000000000000000000000000000000000000000000000000000000000000000000000000000000000000101011000000000010010100000000001001100000000000010110
4 0000000000111000000000000011001000000000001100100000000000011000000000000001010100000000001000110000000000110000000000000001101100000000001001010000000000100011000000000010001000000000000101100000000000001100000000000010001100000000001001000000000000110110
5 0000000000101100000000000011001100000000001011000000000000101011000000000010011000000000000010110000000000001001000000000001011100000000000110110000000000010110000000000010001100000000001011100000000000100010000000000001100100000000001101010000000000110000
6 0000000000100111000000000010101000000000001101100000000000110010000000000010111000000000000110110000000000010001000000000001000000000000001001100000000000011001000000000001101100000000001000010000000000100011000000000011001000000000001010000000000000100100
7 0000000000000000000000000000000000000000000000000000000000000000000000000000000000000000000000000000000000000000000000000000000000000000000000000000000000000000000000000000000000000000000000000000000000101000000000000010111000000000001001000000000000100001
8 0000000000111011000000000011000000000000001001100000000000110011000000000010010100000000000110100000000000011110000000000010101100000000001010110000000000011110000000000001001100000000000111110000000000011010000000000010000000000000000111100000000000010010
9 0000000000101011000000000011101000000000001100000000000000101101000000000010111000000000001010100000000000011000000000000001001100000000000110000000000000110100000000000010011000000000000111000000000000110001000000000001111000000000001010010000000000111001
10 0000000000101101000000000011000100000000001101000000000000100101000000000010011000000000001010100000000000100001000000000010001000000000000100110000000000011000000000000000111100000000001001100000000000110001000000000010101100000000001000000000000000101000
11 0000000000000000000000000000000000000000000000000000000000000000000000000000000000000000000000000000000000000000000000000000000000000000000000000000000000000000000000000000000000000000000000000000000000101010000000000001111100000000001010110000000000111010
12 0000000000110100000000000011101000000000000111000000000000100000000000000001011000000000001010100000000000100111000000000010010100000000000101100000000000010001000000000001011000000000000011100000000000100001000000000010001000000000001101010000000000100111
13 0000000000110010000000000011001000000000001100010000000000101011000000000010011000000000001001010000000000101101000000000010001100000000000101100000000000001101000000000010001000000000000111110000000000110001000000000011011000000000001100000000000000110000
14 0000000000101100000000000001100000000000001000110000000000100101000000000001110000000000000101010000000000011100000000000001110000000000000110110000000000100011000000000010001000000000001001000000000000100011000000000010110000000000001001000000000000011111
15 0000000000000000000000000000000000000000000000000000000000000000000000000000000000000000000000000000000000000000000000000000000000000000000000000000000000000000000000000000000000000000000000000000000000101111000000000010100000000000001001010000000000110110
16 0000000000101000000000000010101000000000001010000000000000010111000000000001101000000000000110110000000000101001000000000010101100000000001011100000000000011010000000000010001000000000000101010000000000101101000000000001111100000000000110110000000000010110
17 0000000000100010000000000011101100000000010001000000000000110000000000000011010000000000001011010000000000100000000000000010000100000000001011010000000000011001000000000010000100000000001000110000000000011100000000000010100000000000001000000000000000011110
18 0000000000110000000000000001111100000000000110110000000000010101000000000010010000000000001000000000000000110001000000000010000100000000000111100000000000011001000000000001011000000000001000010000000000010111000000000000111100000000000110100000000000010010
19 0000000000000000000000000000000000000000000000000000000000000000000000000000000000000000000000000000000000000000000000000000000000000000000000000000000000000000000000000000000000000000000000000000000000101100000000000011110100000000001100100000000000011010
20 0000000000110011000000000001011000000000000101100000000000010100000000000001110100000000001101100000000000011111000000000001100100000000000110110000000000010001000000000001101000000000000010010000000000011110000000000010110000000000001100110000000000010111
21 0000000000110000000000000001010000000000001000000000000000101010000000000010101000000000001001010000000000110110000000000010010100000000001000010000000000011110000000000001100000000000001001100000000000110010000000000010011100000000001110110000000000101000
22 0000000000010011000000000010001000000000000011110000000000100101000000000010001100000000001001110000000000011001000000000001101100000000000110110000000000100011000000000010010100000000000110010000000000010101000000000001010100000000000101010000000000110010
23 0000000000000000000000000000000000000000000000000000000000000000000000000000000000000000000000000000000000000000000000000000000000000000000000000000000000000000000000000000000000000000000000000000000000101100000000000010101100000000001110110000000000100110
24 0000000000011110000000000010100100000000001000000000000000010101000000000001011100000000000111110000000000100000000000000001111000000000001000110000000000100111000000000001111100000000001001100000000000101000000000000010000000000000000111010000000000110000
25 0000000000101011000000000011100100000000001001100000000000100000000000000011000100000000001100010000000000011000000000000001110100000000000110010000000000101101000000000010010000000000001000110000000000100101000000000001111100000000001000000000000000010101
26 0000000000101100000000000010000000000000000111100000000000100000000000000001111100000000001101100000000000111011000000000010111000000000001001110000000000011111000000000001101100000000000111100000000000011100000000000001100100000000001000010000000000010011
27 0000000000000000000000000000000000000000000000000000000000000000000000000000000000000000000000000000000000000000000000000000000000000000000000000000000000000000000000000000000000000000000000000000000000101001000000000001101000000000000110000000000000110011
28 0000000000101101000000000010000000000000000111010000000000100000000000000010010000000000000110000000000000101100000000000010001100000000001000010000000000100110000000000010000000000000001001110000000000100000000000000011001100000000001011010000000000100010
29 0000000000011010000000000000101000000000000110110000000000011010000000000010101100000000001010100000000000101010000000000010010000000000000101000000000000100110000000000010110000000000001100100000000000111101000000000010111100000000001000100000000000100101
30 0000000000110001000000000011001100000000001011110000000000101110000000000010111100000000000111100000000000011001000000000010001100000000001001000000000000110101000000000011000100000000001010000000000000101010000000000010001100000000001010110000000000111100
31 0000000000000000000000000000000000000000000000000000000000000000000000000000000000000000000000000000000000000000000000000000000000000000000000000000000000000000000000000000000000000000000000000000000000101000000000000010011000000000000111010000000000011011
32 0000000000011111000000000100000000000000001100000000000000010110000000000001100000000000001001000000000000011111000000000011010000000000001001000000000000101100000000000011000000000000001110100000000000101100000000000001111000000000001010000000000000101101
33 0000000000101100000000000010001100000000001001110000000000100001000000000010110100000000001001000000000000011110000000000000110000000000001000000000000000100110000000000011110100000000001100010000000000100001000000000010001100000000000110100000000000001101
34 0000000000011010000000000011000100000000001101110000000000110000000000000011001100000000001011110000000000111110000000000010011000000000001101100000000000100111000000000011001000000000001100000000000000011110000000000010010000000000000010110000000000010101
35 0000000000000000000000000000000000000000000000000000000000000000000000000000000000000000000000000000000000000000000000000000000000000000000000000000000000000000000000000000000000000000000000000000000000000111000000000001011000000000001000100000000000011110
36 0000000000101011000000000011010000000000001010000000000000100111000000000001011100000000001010100000000000110000000000000010100100000000001110010000000000110111000000000010101000000000001010000000000000010010000000000010111100000000000111010000000000101000
37 0000000000110000000000000001110000000000000101110000000000100010000000000010110000000000001101010000000000100001000000000001111000000000000110000000000000100011000000000010100000000000001110000000000001000100000000000010111000000000000111100000000000011111
38 0000000000110000000000000011010000000000001100000000000000011000000000000010100000000000000111000000000000101010000000000010010000000000000110000000000000101001000000000010100000000000001100110000000000011000000000000010000100000000001011000000000000101110
39 0000000000000000000000000000000000000000000000000000000000000000000000000000000000000000000000000000000000000000000000000000000000000000000000000000000000000000000000000000000000000000000000000000000000100100000000000001101000000000000010000000000000100101
40 0000000000101111000000000011101000000000001000110000000000011110000000000001110100000000000110000000000000101010000000000010010000000000000110010000000000111000000000000011011100000000001111000000000000011101000000000001111100000000001001100000000000110010
41 0000000000101111000000000011101000000000001101110000000000101000000000000001110100000000001100010000000000101010000000000001101100000000000101100000000000100000000000000010110100000000001110000000000000110100000000000010101100000000001000000000000000101011
42 0000000000010010000000000010011100000000001100100000000000100100000000000010101000000000001100010000000000101101000000000010100000000000001010110000000000100101000000000010000000000000001101110000000000101011000000000010000000000000000111100000000000101001
43 0000000000000000000000000000000000000000000000000000000000000000000000000000000000000000000000000000000000000000000000000000000000000000000000000000000000000000000000000000000000000000000000000000000000100011000000000010001000000000000110010000000000001000
44 0000000000110011000000000010011000000000001000010000000000011001000000000010010100000000001010110000000000011011000000000010000000000000001000110000000000110110000000000010111000000000000111010000000000011110000000000001011100000000001011000000000000101011
45 0000000000111101000000000001111100000000000110110000000000011000000000000010011100000000001001110000000000111011000000000010111100000000000010100000000000010111000000000010011100000000001110000000000000111111000000000010110000000000001000110000000000101001
46 0000000000100111000000000001100100000000000110010000000000011111000000000010011000000000000110100000000000100011000000000001100100000000000110000000000000110001000000000010110100000000000111100000000000011110000000000011010000000000001111100000000000111101
47 0000000000000000000000000000000000000000000000000000000000000000000000000000000000000000000000000000000000000000000000000000000000000000000000000000000000000000000000000000000000000000000000000000000000100001000000000010011000000000000110110000000000100000
48 0000000000100100000000000010001100000000000110010000000000100101000000000010111000000000000100000000000000100111000000000010001000000000001000100000000000011001000000000010100100000000001011000000000000011011000000000001110100000000000110010000000000101000
49 0000000000101111000000000010110100000000001010100000000000011000000000000010010000000000001011000000000000100011000000000010000000000000000111110000000000011000000000000010011000000000001010010000000000100101000000000010010100000000001000010000000000100000
50 0000000000011001000000000010001100000000000110000000000000101001000000000010110100000000001010100000000000011111000000000011000000000000001000110000000000101001000000000010111000000000001001010000000000101011000000000010001000000000001010110000000000100101
51 0000000000000000000000000000000000000000000000000000000000000000000000000000000000000000000000000000000000000000000000000000000000000000000000000000000000000000000000000000000000000000000000000000000000011110000000000010011000000000000100100000000000010011
52 0000000000100111000000000001100000000000001010000000000000011101000000000010110000000000001011100000000000100001000000000010010100000000001000110000000000011000000000000001001100000000000110100000000000011111000000000010010000000000001010010000000000011011
53 0000000000100111000000000010010000000000000110100000000000001011000000000000101000000000001001110000000000101111000000000010010000000000000011110000000000100010000000000010110000000000001110010000000000100110000000000001100100000000001000010000000000100100
54 0000000000100011000000000011001000000000001101100000000000100000000000000010010000000000001010110000000000011101000000000001101100000000001011000000000000100101000000000010100100000000000111110000000000010111000000000010011100000000000111110000000000011000
55 0000000000000000000000000000000000000000000000000000000000000000000000000000000000000000000000000000000000000000000000000000000000000000000000000000000000000000000000000000000000000000000000000000000000110100000000000001110100000000001001110000000000100001
56 0000000000101001000000000010100000000000001111110000000000110101000000000010111000000000001010100000000000111011000000000010001000000000000101010000000000001100000000000001101000000000001001110000000000101110000000000010000000000000000010110000000000100101
57 0000000000011100000000000001110000000000001001000000000000101001000000000001010000000000001001110000000000100010000000000011000100000000000110000000000000010110000000000001111100000000001000100000000000101000000000000010001100000000001001100000000000110000
58 0000000000110010000000000010111000000000001100110000000000101110000000000001101100000000000100000000000000010101000000000001110100000000001000000000000000101011000000000010010100000000001101000000000000100100000000000000111000000000000101100000000000011101
59 0000000000000000000000000000000000000000000000000000000000000000000000000000000000000000000000000000000000000000000000000000000000000000000000000000000000000000000000000000000000000000000000000000000000111001000000000010100000000000000101000000000000100101
60 0000000000110010000000000010010100000000001010100000000000011111000000000011010000000000001011000000000000101010000000000010111100000000001001010000000000100110000000000001111100000000001001010000000000101011000000000011101100000000001000110000000000100000
61 0000000000100010000000000010010000000000000110010000000000011011000000000001100100000000000111000000000000100101000000000001100100000000000110010000000000100000000000000010011100000000001111100000000000110001000000000011110100000000001011000000000000011111
62 0000000000100110000000000010111100000000001000010000000000011111000000000001101100000000001100100000000000100010000000000010100000000000001001010000000000110001000000000010010100000000001010000000000000101011000000000010001100000000000101100000000000011100
63 0000000000000000000000000000000000000000000000000000000000000000000000000000000000000000000000000000000000000000000000000000000000000000000000000000000000000000000000000000000000000000000000000000000000101111000000000011011100000000001011100000000000100110
64 0000000000101111000000000011001000000000001100110000000000110010000000000010000000000000001010010000000000101101000000000010110000000000001010100000000000011010000000000010011000000000001011110000000000101010000000000010000000000000001010100000000000101001
65 0000000000110000000000000010000100000000001001010000000000011100000000000010011100000000001000000000000000100101000000000010101100000000000100110000000000101000000000000001111100000000001001000000000000101000000000000010111000000000001111010000000000111101
66 0000000000101011000000000010101000000000001011010000000000110001000000000001110100000000000110010000000000010011000000000001111000000000001000010000000000110110000000000011011000000000001011010000000000100110000000000001110000000000000111110000000000011001
67 0000000000000000000000000000000000000000000000000000000000000000000000000000000000000000000000000000000000000000000000000000000000000000000000000000000000000000000000000000000000000000000000000000000000100101000000000010100000000000001011100000000000110101
68 0000000000100011000000000001111000000000000010000000000000100110000000000011010000000000001010000000000000110001000000000001111100000000001100010000000000100110000000000001111000000000000100110000000000100111000000000010101000000000001011000000000000110100
69 0000000000011111000000000001110000000000001001110000000000100000000000000011000100000000001001100000000000010001000000000001111000000000000110000000000000011111000000000001111100000000010000000000000000110101000000000010011000000000001000110000000000111000
70 0000000000101000000000000010111100000000000111010000000000100000000000000010100100000000001000010000000000100011000000000010000000000000001011110000000000111001000000000011000100000000001111010000000000101111000000000010111100000000001010100000000000101010
71 0000000000000000000000000000000000000000000000000000000000000000000000000000000000000000000000000000000000000000000000000000000000000000000000000000000000000000000000000000000000000000000000000000000000100000000000000010110000000000000111000000000000100010
72 0000000000100101000000000011001000000000001010110000000000011101000000000010001000000000001000000000000000110101000000000011110100000000001010000000000000011001000000000001001000000000000110000000000000011010000000000001100100000000001010010000000001000010
73 0000000000100100000000000001111100000000001001100000000000100011000000000001101100000000001000000000000000010111000000000001100000000000000110110000000000101001000000000010110100000000000110100000000000101110000000000010111100000000001001110000000000101111
74 0000000000011001000000000001011000000000001000100000000000101011000000000001101100000000001001000000000000011110000000000011001100000000001011000000000000110100000000000010010100000000001001100000000000101100000000000010111000000000001000110000000000101100
75 0000000000000000000000000000000000000000000000000000000000000000000000000000000000000000000000000000000000000000000000000000000000000000000000000000000000000000000000000000000000000000000000000000000000010111000000000001110000000000001100110000000000110000
76 0000000000100001000000000001001100000000001010000000000000100100000000000010100100000000001100100000000000110110000000000010111000000000001001100000000000010011000000000001011100000000000011000000000000010111000000000010101000000000001001000000000000011101
77 0000000000110000000000000001110000000000000101000000000000100110000000000010001000000000001000100000000000011110000000000001010100000000000111100000000000010100000000000010000100000000001100100000000000011110000000000010011100000000001001110000000000100111
78 0000000000100110000000000010110000000000000100110000000000100000000000000001101100000000001100100000000000100001000000000011010000000000001001010000000000110000000000000010110100000000001000000000000000101011000000000010011000000000001001000000000000100111
79 0000000000000000000000000000000000000000000000000000000000000000000000000000000000000000000000000000000000000000000000000000000000000000000000000000000000000000000000000000000000000000000000000000000000101101000000000010010000000000001000010000000000100011
80 0000000000110000000000000010001100000000001001000000000000100100000000000001111000000000001011110000000000110001000000000010010100000000001000100000000000011101000000000001011000000000000110110000000000011100000000000001010100000000001111000000000000110001
81 0000000000001111000000000010001000000000001010000000000000100001000000000001100100000000000111010000000000010101000000000001111000000000001001010000000000011101000000000001101000000000001000000000000000011011000000000001001100000000001001110000000000100001
82 0000000000110011000000000001111100000000001000000000000000011100000000000010001000000000001011000000000000110000000000000011110000000000001001110000000000010011000000000010001000000000001100000000000000101111000000000010010100000000001011110000000000010010
83 0000000000000000000000000000000000000000000000000000000000000000000000000000000000000000000000000000000000000000000000000000000000000000000000000000000000000000000000000000000000000000000000000000000000101010000000000001111000000000001010110000000000110101
84 0000000000100101000000000010111000000000001010110000000000011101000000000001111100000000001001100000000000110101000000000010111100000000001001100000000000101011000000000010001100000000000011000000000000100010000000000010001000000000001000000000000000100100
85 0000000000011100000000000001001100000000000101000000000000011001000000000010111000000000001000010000000000100111000000000001110000000000001010110000000000101110000000000001111000000000000110010000000000101010000000000010110000000000001001100000000000011100
86 0000000000101101000000000010011100000000001010010000000000011011000000000001110100000000001000000000000000111010000000000011001100000000001101110000000000101111000000000010100100000000000100110000000000001100000000000001001000000000000100110000000000101010
87 0000000000000000000000000000000000000000000000000000000000000000000000000000000000000000000000000000000000000000000000000000000000000000000000000000000000000000000000000000000000000000000000000000000000100000000000000011010100000000001101000000000000100010
88 0000000000010110000000000010010100000000000111100000000000011111000000000010110000000000001000100000000000011010000000000010001000000000000101110000000000100010000000000011011000000000001011110000000000011100000000000010011000000000001100000000000000100110
89 0000000000100000000000000001110100000000001001010000000000100101000000000010010000000000001001100000000000100000000000000010001000000000001001000000000000011011000000000011000000000000001100000000000000100000000000000001100100000000000111000000000000100010
90 0000000000110110000000000011001000000000001001100000000000010111000000000010010000000000001100010000000000101101000000000010110000000000001011110000000000100010000000000010010000000000001010010000000000110010000000000010111100000000001001110000000000011000
91 0000000000000000000000000000000000000000000000000000000000000000000000000000000000000000000000000000000000000000000000000000000000000000000000000000000000000000000000000000000000000000000000000000000000110011000000000010001100000000001011000000000000111000
92 0000000000011111000000000010011100000000001010100000000000101010000000000010011000000000001000000000000000101000000000000001111100000000001101100000000000100111000000000001110000000000001010110000000000101000000000000010010100000000001000100000000000011010
93 0000000000011111000000000010000100000000001000000000000000011110000000000010110100000000000111000000000000100110000000000010000000000000001011110000000000101100000000000010001000000000001100100000000000111000000000000011101100000000000101010000000000011111
94 0000000000101111000000000010111100000000001011010000000000100101000000000001101100000000000101000000000000100101000000000010011100000000001011110000000000011101000000000010111000000000000100110000000000011011000000000001011000000000000111100000000000100000
95 0000000000000000000000000000000000000000000000000000000000000000000000000000000000000000000000000000000000000000000000000000000000000000000000000000000000000000000000000000000000000000000000000000000000100111000000000010010100000000000111010000000000101010
96 0000000000010001000000000010100000000000001010100000000000100001000000000010011100000000000110100000000000011000000000000010000000000000000100110000000000110101000000000011100000000000001100100000000000110011000000000010011000000000000111010000000000100000
97 0000000000101101000000000001010100000000000111100000000000010101000000000001110000000000000111110000000000100101000000000001010100000000000110000000000000101110000000000010110000000000001111110000000000101011000000000001110000000000000111000000000000010010
98 0000000000101000000000000001110000000000001000110000000000011100000000000001101100000000000111000000000000100111000000000001110100000000001010010000000000100010000000000001011000000000001001110000000000011000000000000010100100000000001010000000000000011000
99 0000000000000000000000000000000000000000000000000000000000000000000000000000000000000000000000000000000000000000000000000000000000000000000000000000000000000000000000000000000000000000000000000000000000101111000000000001111100000000001010100000000000100111
100 0000000000110111000000000010100100000000001010010000000000101011000000000010000000000000001001100000000000011110000000000010010000000000001101010000000000101100000000000011111000000000010000010000000000110110000000000001100100000000000100100000000000011000
101 0000000000010111000000000010010000000000000100100000000000010111000000000010011100000000000100000000000000010111000000000001111000000000000010100000000000011101000000000010011100000000001001100000000000100100000000000010100000000000000110110000000000100001
102 0000000000011101000000000010101000000000001100110000000000110110000000000010000100000000000110100000000000011100000000000010010000000000000110010000000000101111000000000010000100000000000100100000000000010111000000000001100000000000000111110000000000011001
103 0000000000000000000000000000000000000000000000000000000000000000000000000000000000000000000000000000000000000000000000000000000000000000000000000000000000000000000000000000000000000000000000000000000000101000000000000001111100000000000110010000000000010110
104 0000000000010101000000000010111000000000001010000000000000010101000000000000011100000000000011000000000000100111000000000010110000000000001101010000000000111111000000000100000000000000001001100000000000101010000000000010100100000000000111110000000000101001
105 0000000000011100000000000001011100000000001000110000000000100000000000000001100100000000001011100000000000001111000000000001010000000000000101100000000000011011000000000001110000000000001010110000000000100000000000000001100100000000001010100000000000010100
106 0000000000100111000000000010000100000000000101010000000000011010000000000001111100000000001000100000000000011101000000000010010100000000001001000000000000010110000000000001010100000000000100100000000000100001000000000010000000000000000111010000000000101101
107 0000000000000000000000000000000000000000000000000000000000000000000000000000000000000000000000000000000000000000000000000000000000000000000000000000000000000000000000000000000000000000000000000000000000101011000000000001111000000000001011110000000000011010
108 0000000000100110000000000001110000000000000111110000000000011001000000000011000000000000001100000000000000110010000000000010100100000000001100000000000000100101000000000011101000000000010000010000000000011110000000000010001000000000001011010000000000110111
109 0000000000100100000000000010111000000000000111100000000000101010000000000010001100000000001001110000000000011100000000000000101100000000000101000000000000110000000000000011000100000000000101110000000000010101000000000001110000000000000100000000000000101000
110 0000000000011101000000000011010000000000001101010000000000110010000000000010111000000000001101100000000000101110000000000001010100000000001000000000000000100010000000000010001100000000000100100000000000010000000000000010100000000000001011110000000000100010
111 0000000000000000000000000000000000000000000000000000000000000000000000000000000000000000000000000000000000000000000000000000000000000000000000000000000000000000000000000000000000000000000000000000000000100101000000000001011000000000001011010000000000101101
112 0000000000011010000000000010000000000000001100000000000000011110000000000010100100000000000110000000000000110110000000000010111000000000001011100000000000101010000000000001110000000000000111110000000000101010000000000010000100000000001001100000000000110101
113 0000000000101000000000000011100100000000001101010000000000101101000000000001110100000000000111000000000000100010000000000001011000000000000111000000000000011011000000000010000000000000000111110000000000011001000000000010010100000000000111000000000000010010
114 0000000000100111000000000010000100000000001010110000000000101100000000000011100000000000001001000000000000010011000000000001101000000000000110010000000000011000000000000000101100000000000111000000000000110100000000000010011000000000000110100000000000100011
115 0000000000000000000000000000000000000000000000000000000000000000000000000000000000000000000000000000000000000000000000000000000000000000000000000000000000000000000000000000000000000000000000000000000000101101000000000010110000000000001001100000000000100001
116 0000000000010000000000000001010000000000001001110000000000100011000000000011000100000000001010010000000000110011000000000011000000000000001000110000000000100000000000000001100100000000001010000000000000101111000000000011011100000000001101100000000000101010
117 0000000000010111000000000010010100000000001001000000000000101000000000000011000100000000001000010000000000010101000000000001111100000000000110100000000000101110000000000010001000000000000100000000000000011001000000000001011100000000001000110000000000010101
118 0000000000101101000000000010000100000000001011110000000000110001000000000011000000000000001011110000000000100000000000000001110100000000000101110000000000011111000000000001110100000000000110100000000000010010000000000001100100000000001001100000000000011110
119 0000000000000000000000000000000000000000000000000000000000000000000000000000000000000000000000000000000000000000000000000000000000000000000000000000000000000000000000000000000000000000000000000000000000001110000000000001111100000000001011010000000000100101
120 0000000000011000000000000001010100000000001000110000000000100010000000000010101100000000001101100000000000100101000000000010001100000000000100000000000000011100000000000010011000000000000101100000000000010110000000000001101000000000001011010000000000111100
121 0000000000100110000000000010101000000000001001000000000000011000000000000001011100000000001001100000000000100011000000000001111100000000001000100000000000011011000000000010001000000000000010100000000000011110000000000010010100000000000110000000000000101000
122 0000000000011110000000000010001000000000001100110000000000101110000000000011001100000000001001000000000000011101000000000010000000000000001000110000000000001100000000000000110100000000000011100000000000101100000000000010101000000000000100100000000000011011
123 0000000000000000000000000000000000000000000000000000000000000000000000000000000000000000000000000000000000000000000000000000000000000000000000000000000000000000000000000000000000000000000000000000000000101111000000000010100000000000000110110000000000101011
124 0000000000100101000000000001111100000000001010000000000000110010000000000010101100000000000111010000000000110010000000000010001000000000000110010000000000010000000000000001011100000000001000100000000000011111000000000010110100000000000111010000000000101011
125 0000000000011100000000000001001000000000001001010000000000100010000000000011000000000000001010010000000000100010000000000010111100000000001001100000000000100000000000000000111000000000000100100000000000001110000000000001110000000000000110110000000000001101
126 0000000000110100000000000001111000000000000111110000000000101000000000000001100100000000001010010000000000110100000000000011000000000000000111100000000000100000000000000010001100000000001011010000000000010011000000000010001100000000000111010000000000010001
127 0000000000000000000000000000000000000000000000000000000000000000000000000000000000000000000000000000000000000000000000000000000000000000000000000000000000000000000000000000000000000000000000000000000000010101000000000011010000000000001100000000000000100110
128 0000000000010011000000000010011000000000001111000000000000101100000000000011001100000000001001010000000000011000000000000010001100000000001001000000000000011100000000000001001000000000001001010000000000001101000000000001111000000000001001100000000000100101
129 0000000000100101000000000010100000000000000101000000000000011001000000000001101100000000001010110000000000100111000000000010000100000000001010100000000000101001000000000010011000000000000110010000000000011111000000000001001100000000000111110000000000010010
130 0000000000100100000000000011011000000000000111000000000000101100000000000011001000000000001101000000000000010111000000000010100000000000000101100000000000100001000000000001010100000000001001110000000000110110000000000010001000000000001010100000000000101111
131 0000000000000000000000000000000000000000000000000000000000000000000000000000000000000000000000000000000000000000000000000000000000000000000000000000000000000000000000000000000000000000000000000000000000101110000000000010011000000000001001010000000000100110
132 0000000000101001000000000010100000000000001011110000000000110101000000000010001100000000000111100000000000110011000000000001000100000000000101110000000000100010000000000001000000000000000110100000000000100100000000000010100100000000001000000000000000101101
133 0000000000011000000000000001100000000000001001000000000000100100000000000010011000000000001001100000000000101011000000000010110100000000001011110000000000101101000000000001110100000000001000000000000000101001000000000010010100000000000110100000000000010111
134 0000000000010000000000000001100100000000001010100000000000101101000000000001011100000000001001100000000000101011000000000001101100000000001000110000000000101010000000000011000000000000001000100000000000110000000000000011101000000000001011100000000000101110
135 0000000000000000000000000000000000000000000000000000000000000000000000000000000000000000000000000000000000000000000000000000000000000000000000000000000000000000000000000000000000000000000000000000000000110011000000000011101100000000001001000000000000101000
136 0000000000100001000000000011000100000000001010100000000000100010000000000010101000000000000101100000000000010101000000000011000000000000000110110000000000100101000000000010001100000000001000100000000000010011000000000010000100000000001001010000000000101110
137 0000000000101101000000000001001000000000000100010000000000011001000000000010011100000000001001000000000000110000000000000010001100000000000101000000000000010101000000000010101000000000001101000000000000100110000000000001010100000000001001010000000000100101
138 0000000000110011000000000010111000000000000100100000000000010011000000000011000100000000000100110000000000100000000000000000111100000000000100100000000000010100000000000010010100000000001000110000000000101010000000000011011000000000001100000000000000101101
139 0000000000000000000000000000000000000000000000000000000000000000000000000000000000000000000000000000000000000000000000000000000000000000000000000000000000000000000000000000000000000000000000000000000000110011000000000011001100000000001011100000000000100010
140 0000000000101010000000000010111100000000001001110000000000101000000000000001011100000000000111100000000000100000000000000001110000000000000110000000000000010000000000000000110100000000001000100000000000101110000000000001101100000000001010100000000000100111
141 0000000000100100000000000001110000000000000111100000000000011111000000000001111000000000001010000000000000011001000000000001110100000000000101110000000000101100000000000010011100000000001010100000000000101010000000000010101100000000000110100000000000100111
142 0000000000100100000000000010100000000000001100100000000000011010000000000001011100000000000110000000000000001110000000000001101000000000000110110000000000110100000000000011000000000000001010010000000000011101000000000001101100000000001110000000000000100100
143 0000000000000000000000000000000000000000000000000000000000000000000000000000000000000000000000000000000000000000000000000000000000000000000000000000000000000000000000000000000000000000000000000000000000101011000000000010100100000000001001000000000000100100
144 0000000000100100000000000010011000000000001011000000000000011101000000000010000000000000000011010000000000010011000000000010011100000000001001000000000000101010000000000010100000000000001011100000000000101010000000000010011000000000000110010000000000010111
145 0000000000101000000000000010001000000000001000110000000000011001000000000000011100000000000101110000000000011010000000000010110000000000000101010000000000011001000000000010011100000000001011000000000000100000000000000010000000000000000111000000000000111001
146 0000000000110110000000000011000000000000001011110000000000101100000000000010000000000000000111110000000000010011000000000010001000000000001001100000000000100001000000000010100100000000001000110000000000100110000000000001111100000000001011000000000000101111
147 0000000000000000000000000000000000000000000000000000000000000000000000000000000000000000000000000000000000000000000000000000000000000000000000000000000000000000000000000000000000000000000000000000000000100011000000000010000100000000001010000000000000111000
148 0000000000110000000000000010110000000000001001000000000000100100000000000010001000000000000101110000000000011101000000000010000000000000000111100000000000100000000000000001110000000000000101110000000000011011000000000001101000000000000110000000000000010111
149 0000000000100100000000000001111000000000000101000000000000100101000000000001101100000000001010010000000000011011000000000001010100000000000111000000000000100000000000000010000100000000001000110000000000100000000000000010111000000000001011000000000000110100
150 0000000000101101000000000010110100000000001100100000000000110101000000000010110000000000000111110000000000100001000000000001110000000000001011010000000000110000000000000011000100000000001001000000000000011100000000000001101000000000000111010000000000011010
151 0000000000000000000000000000000000000000000000000000000000000000000000000000000000000000000000000000000000000000000000000000000000000000000000000000000000000000000000000000000000000000000000000000000000001101000000000010000100000000000110100000000000101100
152 0000000000100100000000000001100000000000000111110000000000011000000000000010110100000000001011100000000000101000000000000010010100000000001100000000000000011011000000000001110000000000001000010000000000111000000000000001010100000000000100110000000000010101
153 0000000000100000000000000010101100000000001000000000000000010001000000000001011000000000001010010000000000111011000000000011100000000000000100110000000000010111000000000001111000000000000110110000000000100011000000000010000000000000001011000000000000101101
154 0000000000100001000000000011010000000000001010000000000000101011000000000010100000000000000110100000000000100011000000000001011000000000001011100000000000100011000000000011000100000000001101000000000000011111000000000010100000000000001010000000000000101010
155 0000000000000000000000000000000000000000000000000000000000000000000000000000000000000000000000000000000000000000000000000000000000000000000000000000000000000000000000000000000000000000000000000000000000011010000000000010001000000000000111110000000000101000
156 0000000000010111000000000010001000000000001100000000000000101011000000000001110100000000000011100000000000011011000000000010001000000000000111010000000000100101000000000001100000000000000011110000000000010000000000000010000000000000000100000000000000010110
157 0000000000101111000000000010101100000000001010000000000000101010000000000010011000000000001001100000000000100110000000000010100000000000001000110000000000011000000000000010001000000000000110010000000000100001000000000010000100000000001010110000000000101100
158 0000000000010101000000000001000000000000000101100000000000101001000000000010011100000000001001110000000000100010000000000010010000000000001010000000000000111001000000000010110100000000001010000000000000100000000000000001101000000000000101100000000000011011
159 0000000000000000000000000000000000000000000000000000000000000000000000000000000000000000000000000000000000000000000000000000000000000000000000000000000000000000000000000000000000000000000000000000000000000001000000000001111000000000001010100000000000110101
160 0000000000100001000000000001000100000000000111110000000000100000000000000010010000000000001010000000000000100101000000000010010100000000000110100000000000010101000000000001100000000000000111000000000000011010000000000001100100000000000111010000000000011000
161 0000000001000001000000000011011100000000001001100000000000011101000000000010011000000000001011100000000000011101000000000001011000000000000110100000000000010001000000000010001000000000001001100000000000101101000000000010011100000000000111010000000000011000
162 0000000000100000000000000010001100000000000111100000000000100111000000000010000000000000001011000000000000011001000000000010010100000000001101000000000000111001000000000100000000000000001101110000000000100101000000000001111000000000001100100000000000101111
163 0000000000000000000000000000000000000000000000000000000000000000000000000000000000000000000000000000000000000000000000000000000000000000000000000000000000000000000000000000000000000000000000000000000000100010000000000010001000000000001001110000000000101001
164 0000000000101001000000000011100000000000001011110000000000101110000000000001100000000000000101110000000000011010000000000010100000000000001100000000000000100001000000000010000000000000000110110000000000100100000000000010001100000000001010000000000000111010
165 0000000001000000000000000011000100000000001000000000000000010101000000000010101100000000001011100000000000101010000000000001110000000000000110000000000000011100000000000010011100000000000110000000000000011010000000000001100100000000001001100000000000101011
166 0000000000100110000000000000110000000000000100110000000000110000000000000010000100000000001001000000000000101100000000000010101100000000001110100000000000111011000000000011011100000000001100110000000000111011000000000011001000000000001100000000000000101110
167 0000000000000000000000000000000000000000000000000000000000000000000000000000000000000000000000000000000000000000000000000000000000000000000000000000000000000000000000000000000000000000000000000000000000001111000000000010000000000000001001010000000000100101
168 0000000000100011000000000010100100000000001010100000000000100111000000000001101000000000001010100000000000110010000000000001100100000000000111000000000000100010000000000010000100000000001001000000000000101100000000000011010000000000001001110000000000100011
169 0000000000111010000000000011011000000000001111000000000000101100000000000010110000000000001010010000000000011110000000000001100100000000001001000000000000100011000000000010011100000000001110100000000000101011000000000010110000000000001000010000000000101010
170 0000000000100110000000000011001100000000000111110000000000011101000000000010010100000000000111100000000000100100000000000011010000000000001110100000000000111100000000000011111000000000001110010000000000110001000000000010001000000000001101100000000000110111
171 0000000000000000000000000000000000000000000000000000000000000000000000000000000000000000000000000000000000000000000000000000000000000000000000000000000000000000000000000000000000000000000000000000000000011100000000000001100000000000001010000000000000110100
172 0000000000111001000000000011010000000000001000010000000000110000000000000011000000000000000101110000000000100001000000000010101000000000001000110000000000110001000000000011000100000000001010100000000000101001000000000010111000000000001011110000000000110100
173 0000000000110110000000000010001100000000001010100000000000110001000000000011100000000000001111110000000000111010000000000001100000000000000101100000000000101001000000000010010000000000000110000000000000011100000000000001000100000000001010110000000000100110
174 0000000000101001000000000001011000000000001000100000000000100111000000000001101100000000000101100000000000101001000000000010100000000000001101000000000000101011000000000011010000000000001010010000000000101101000000000011010100000000001010110000000000111110
175 0000000000000000000000000000000000000000000000000000000000000000000000000000000000000000000000000000000000000000000000000000000000000000000000000000000000000000000000000000000000000000000000000000000000101001000000000010010000000000001000000000000000100111
176 0000000000100010000000000010111000000000001100110000000000010000000000000010000000000000001000110000000000100011000000000001011000000000000101000000000000011100000000000011001000000000001101100000000000101100000000000010100000000000000101110000000000010110
177 0000000000101101000000000011101000000000001000000000000000110010000000000011100000000000001101000000000000110001000000000010111100000000000111100000000000010110000000000010110000000000000101010000000000101001000000000010000100000000001001100000000000011110
178 0000000000101001000000000001110000000000001000000000000000100010000000000010110100000000000101100000000000011011000000000011011000000000001110100000000000111010000000000011001000000000001101100000000000011111000000000001110000000000001010010000000000100111
179 0000000000000000000000000000000000000000000000000000000000000000000000000000000000000000000000000000000000000000000000000000000000000000000000000000000000000000000000000000000000000000000000000000000000101000000000000010110000000000001010100000000000100010
180 0000000000100101000000000010011100000000001010110000000000011001000000000001000000000000000110010000000000010010000000000001111100000000001010110000000000110011000000000011000000000000001001110000000000100101000000000010111100000000000101110000000000011101
181 0000000000011101000000000001101000000000001011000000000000110010000000000010110000000000001100000000000000100000000000000001110000000000001100110000000000010111000000000001011000000000000110100000000000100100000000000010010000000000001001100000000000011111
182 0000000000010111000000000010101000000000001000010000000000101100000000000010010100000000001101010000000000110101000000000010110100000000001011010000000000011100000000000010100100000000000110100000000000101001000000000010100100000000001010010000000000100011
183 0000000000000000000000000000000000000000000000000000000000000000000000000000000000000000000000000000000000000000000000000000000000000000000000000000000000000000000000000000000000000000000000000000000000100010000000000010001000000000001100000000000000011001
184 0000000000110000000000000011001100000000000101110000000000011101000000000000110000000000000110100000000000101110000000000010011000000000001000110000000000101010000000000011010100000000001101000000000000010011000000000000111100000000001001010000000000101010
185 0000000000010011000000000010000000000000000100000000000000100000000000000010011000000000001100000000000000110000000000000010010000000000001000100000000000100001000000000010001100000000001010110000000000110111000000000011000000000000000100100000000000011111
186 0000000000011000000000000001011000000000001100000000000000101001000000000010111100000000000110100000000000101001000000000010100000000000001001100000000000100001000000000010001000000000001111110000000000100010000000000001101100000000000100010000000000011010
187 0000000000000000000000000000000000000000000000000000000000000000000000000000000000000000000000000000000000000000000000000000000000000000000000000000000000000000000000000000000000000000000000000000000000101110000000000001101000000000001001000000000000110111
188 0000000000011011000000000011001100000000001100100000000000011101000000000010111100000000001010100000000000010101000000000010010100000000001000110000000000111010000000000010100000000000000101000000000000110001000000000010011000000000001001100000000000110110
189 0000000000010000000000000001000000000000000101100000000000101100000000000010001100000000001001100000000000100100000000000011010100000000001010100000000000100010000000000010101100000000001011110000000000101010000000000010001000000000001011100000000000011101
190 0000000000111001000000000011000000000000001011000000000000100111000000000010001000000000001001110000000000110010000000000010000000000000001000110000000000100111000000000001100000000000000111100000000000100010000000000010100100000000000011010000000000011110
191 0000000000000000000000000000000000000000000000000000000000000000000000000000000000000000000000000000000000000000000000000000000000000000000000000000000000000000000000000000000000000000000000000000000000100001000000000010111000000000001000100000000000110001
192 0000000000100100000000000010010100000000001010010000000000101110000000000001101000000000001011010000000000101101000000000010000100000000001010010000000000011111000000000011001100000000000100110000000000001111000000000011001000000000000111010000000000100000
193 0000000000001011000000000000110000000000000010000000000000100000000000000001101000000000001010110000000000110001000000000010111000000000001110100000000000101101000000000011011100000000001011010000000000110010000000000001010000000000000101100000000000101000
194 0000000000011110000000000001110100000000001001000000000000101101000000000010011100000000001000100000000000101110000000000010011100000000000101000000000000010000000000000011010000000000001011000000000000100001000000000001111000000000000110000000000000001101
195 0000000000000000000000000000000000000000000000000000000000000000000000000000000000000000000000000000000000000000000000000000000000000000000000000000000000000000000000000000000000000000000000000000000000101100000000000010111100000000001000100000000000101100
196 0000000000110100000000000010100100000000001001100000000000011101000000000011001000000000001001100000000000011110000000000010010100000000001100110000000000101110000000000010010100000000001101110000000000100001000000000010001100000000001101010000000000010011
197 0000000000010001000000000001000100000000000010100000000000011100000000000011011100000000001101000000000000011101000000000001110100000000000111000000000000101100000000000010100000000000001001100000000000100111000000000011000100000000001010010000000000011011
198 0000000000101111000000000010100100000000001001110000000000101000000000000010111000000000001001000000000000100111000000000010000000000000001011000000000000011010000000000010111000000000001100000000000000010101000000000001001100000000000111110000000000010111
199 0000000000000000000000000000000000000000000000000000000000000000000000000000000000000000000000000000000000000000000000000000000000000000000000000000000000000000000000000000000000000000000000000000000000110011000000000011001000000000001100010000000000100010
200 0000000000101101000000000011001000000000001110110000000000101011000000000001110100000000000111110000000000110000000000000001101100000000001000100000000000101010000000000010001000000000001000110000000000101100000000000010101100000000000110000000000000010111
201 0000000000001011000000000000101000000000000110100000000000100001000000000010000000000000001010110000000000010101000000000001011000000000000100110000000000101010000000000011000100000000001101010000000000101011000000000001001100000000001001010000000000100101
202 0000000000011011000000000001110100000000001001110000000000011100000000000010011100000000001000100000000000110110000000000010001000000000000111000000000000100011000000000001110000000000001001110000000000100000000000000001110100000000000111010000000000011001
203 0000000000000000000000000000000000000000000000000000000000000000000000000000000000000000000000000000000000000000000000000000000000000000000000000000000000000000000000000000000000000000000000000000000000110010000000000010101100000000001110010000000000100110
204 0000000000101000000000000010100000000000001001100000000000100111000000000010101000000000001000000000000000011101000000000011010000000000001011000000000000101110000000000001111100000000000111010000000000100101000000000010001000000000000111110000000000100100
205 0000000000010110000000000000101100000000000100110000000000100101000000000011000000000000001001100000000000011010000000000001011000000000001000110000000000100001000000000010001100000000000111000000000000101011000000000011010000000000001001010000000000101010
206 0000000000101100000000000010011100000000001100010000000000101000000000000010011000000000001000000000000000100001000000000010011100000000001011110000000000101010000000000010010100000000001100000000000000100000000000000010001100000000001000100000000000100010
207 0000000000000000000000000000000000000000000000000000000000000000000000000000000000000000000000000000000000000000000000000000000000000000000000000000000000000000000000000000000000000000000000000000000000100001000000000010011000000000000111000000000000100110
